0.7500 -1.2500 1.0000
0.7500 -1.2500 1.0000
0.7463 -1.2486 1.0000
0.7420 -1.2484 1.0000
0.7351 -1.2468 1.0000
0.7248 -1.2448 1.0000
0.7111 -1.2424 1.0000
0.6944 -1.2396 1.0000
0.6746 -1.2365 1.0000
0.6518 -1.2331 1.0000
0.6272 -1.2280 1.0000
0.6040 -1.2231 1.0000
0.5836 -1.2128 1.0000
0.5656 -1.1988 1.0000
0.5496 -1.1818 1.0000
0.5354 -1.1627 1.0000
0.5227 -1.1422 1.0000
0.5094 -1.1279 1.0000
0.4962 -1.1130 1.0000
0.4832 -1.0971 1.0000
0.4702 -1.0808 1.0000
0.4576 -1.0638 1.0000
0.4452 -1.0466 1.0000
0.4332 -1.0289 1.0000
0.4217 -1.0111 1.0000
0.4108 -0.9931 1.0000
0.4006 -0.9749 1.0000
0.3911 -0.9566 1.0000
0.3823 -0.9381 1.0000
0.3744 -0.9197 1.0000
0.3675 -0.9014 1.0000
0.3574 -0.8799 1.0000
0.3509 -0.8559 1.0000
0.3469 -0.8299 1.0000
0.3445 -0.8030 1.0000
0.3427 -0.7775 1.0000
0.3415 -0.7537 1.0000
0.3410 -0.7321 1.0000
0.3410 -0.7132 1.0000
0.3414 -0.6970 1.0000
0.3421 -0.6837 1.0000
0.3429 -0.6730 1.0000
0.3436 -0.6643 1.0000
0.3444 -0.6572 1.0000
0.3451 -0.6507 1.0000
0.3451 -0.6507 1.0000
0.3452 -0.6505 1.0000
0.3455 -0.6500 1.0000
0.3460 -0.6491 1.0000
0.3467 -0.6480 1.0000
0.3475 -0.6464 1.0000
0.3486 -0.6446 1.0000
0.3499 -0.6424 1.0000
0.3514 -0.6399 1.0000
0.3530 -0.6371 1.0000
0.3549 -0.6340 1.0000
0.3570 -0.6306 1.0000
0.3593 -0.6269 1.0000
0.3618 -0.6228 1.0000
0.3645 -0.6185 1.0000
0.3674 -0.6139 1.0000
0.3705 -0.6090 1.0000
0.3739 -0.6038 1.0000
0.3775 -0.5984 1.0000
0.3813 -0.5927 1.0000
0.3853 -0.5867 1.0000
0.3896 -0.5805 1.0000
0.3941 -0.5740 1.0000
0.3989 -0.5673 1.0000
0.4039 -0.5604 1.0000
0.4092 -0.5532 1.0000
0.4148 -0.5458 1.0000
0.4206 -0.5382 1.0000
0.4267 -0.5304 1.0000
0.4331 -0.5225 1.0000
0.4397 -0.5143 1.0000
0.4467 -0.5060 1.0000
0.4539 -0.4975 1.0000
0.4615 -0.4888 1.0000
0.4693 -0.4800 1.0000
0.4775 -0.4711 1.0000
0.4860 -0.4620 1.0000
0.4948 -0.4529 1.0000
0.5039 -0.4436 1.0000
0.5134 -0.4343 1.0000
0.5232 -0.4249 1.0000
0.5334 -0.4154 1.0000
0.5439 -0.4058 1.0000
0.5547 -0.3962 1.0000
0.5659 -0.3866 1.0000
0.5775 -0.3770 1.0000
0.5894 -0.3674 1.0000
0.6017 -0.3578 1.0000
0.6144 -0.3482 1.0000
0.6274 -0.3387 1.0000
0.6408 -0.3292 1.0000
0.6546 -0.3198 1.0000
0.6687 -0.3105 1.0000
0.6833 -0.3013 1.0000
0.6982 -0.2922 1.0000
0.7135 -0.2833 1.0000
0.7292 -0.2745 1.0000
0.7452 -0.2658 1.0000
0.7616 -0.2574 1.0000
0.7784 -0.2491 1.0000
0.7956 -0.2411 1.0000
0.8132 -0.2333 1.0000
0.8311 -0.2257 1.0000
0.8494 -0.2184 1.0000
0.8680 -0.2114 1.0000
0.8870 -0.2046 1.0000
0.9063 -0.1982 1.0000
0.9260 -0.1922 1.0000
0.9461 -0.1864 1.0000
0.9664 -0.1811 1.0000
0.9871 -0.1761 1.0000
1.0081 -0.1715 1.0000
1.0294 -0.1673 1.0000
1.0510 -0.1636 1.0000
1.0728 -0.1603 1.0000
1.0950 -0.1574 1.0000
1.1174 -0.1551 1.0000
1.1400 -0.1532 1.0000
1.1629 -0.1518 1.0000
1.1860 -0.1510 1.0000
1.2093 -0.1507 1.0000
1.2328 -0.1509 1.0000
1.2565 -0.1517 1.0000
1.2803 -0.1531 1.0000
1.3043 -0.1550 1.0000
1.3284 -0.1576 1.0000
1.3526 -0.1607 1.0000
1.3769 -0.1645 1.0000
1.4013 -0.1689 1.0000
1.4257 -0.1740 1.0000
1.4502 -0.1797 1.0000
1.4746 -0.1860 1.0000
1.4991 -0.1930 1.0000
1.5235 -0.2007 1.0000
1.5478 -0.2090 1.0000
1.5721 -0.2181 1.0000
1.5963 -0.2278 1.0000
1.6203 -0.2382 1.0000
1.6442 -0.2493 1.0000
1.6679 -0.2611 1.0000
1.6915 -0.2736 1.0000
1.7148 -0.2868 1.0000
1.7378 -0.3006 1.0000
1.7606 -0.3152 1.0000
1.7831 -0.3304 1.0000
1.8053 -0.3463 1.0000
1.8271 -0.3629 1.0000
1.8486 -0.3802 1.0000
1.8697 -0.3981 1.0000
1.8904 -0.4167 1.0000
1.9106 -0.4360 1.0000
1.9303 -0.4559 1.0000
1.9496 -0.4764 1.0000
1.9683 -0.4975 1.0000
1.9866 -0.5192 1.0000
2.0042 -0.5416 1.0000
2.0213 -0.5644 1.0000
2.0377 -0.5879 1.0000
2.0536 -0.6119 1.0000
2.0688 -0.6364 1.0000
2.0833 -0.6614 1.0000
2.0971 -0.6870 1.0000
2.1102 -0.7129 1.0000
2.1226 -0.7394 1.0000
2.1343 -0.7662 1.0000
2.1452 -0.7935 1.0000
2.1553 -0.8211 1.0000
2.1646 -0.8491 1.0000
2.1731 -0.8774 1.0000
2.1807 -0.9061 1.0000
2.1876 -0.9350 1.0000
2.1936 -0.9641 1.0000
2.1987 -0.9935 1.0000
2.2029 -1.0231 1.0000
2.2063 -1.0528 1.0000
2.2088 -1.0827 1.0000
2.2104 -1.1127 1.0000
2.2111 -1.1428 1.0000
2.2109 -1.1729 1.0000
2.2097 -1.2031 1.0000
2.2077 -1.2332 1.0000
2.2048 -1.2633 1.0000
2.2009 -1.2933 1.0000
2.1961 -1.3233 1.0000
2.1904 -1.3531 1.0000
2.1838 -1.3827 1.0000
2.1763 -1.4122 1.0000
2.1679 -1.4414 1.0000
2.1586 -1.4704 1.0000
2.1484 -1.4991 1.0000
2.1374 -1.5275 1.0000
2.1255 -1.5556 1.0000
2.1127 -1.5832 1.0000
2.0991 -1.6105 1.0000
2.0847 -1.6374 1.0000
2.0694 -1.6638 1.0000
2.0534 -1.6897 1.0000
2.0365 -1.7152 1.0000
2.0190 -1.7401 1.0000
2.0006 -1.7644 1.0000
1.9815 -1.7882 1.0000
1.9618 -1.8114 1.0000
1.9413 -1.8339 1.0000
1.9202 -1.8558 1.0000
1.8984 -1.8770 1.0000
1.8761 -1.8975 1.0000
1.8531 -1.9174 1.0000
1.8296 -1.9365 1.0000
1.8055 -1.9549 1.0000
1.7809 -1.9725 1.0000
1.7558 -1.9893 1.0000
1.7303 -2.0053 1.0000
1.7043 -2.0206 1.0000
1.6779 -2.0350 1.0000
1.6511 -2.0487 1.0000
1.6240 -2.0615 1.0000
1.5965 -2.0734 1.0000
1.5688 -2.0845 1.0000
1.5408 -2.0948 1.0000
1.5125 -2.1042 1.0000
1.4841 -2.1127 1.0000
1.4555 -2.1203 1.0000
1.4267 -2.1271 1.0000
1.3978 -2.1331 1.0000
1.3688 -2.1381 1.0000
1.3398 -2.1424 1.0000
1.3107 -2.1457 1.0000
1.2816 -2.1482 1.0000
1.2525 -2.1498 1.0000
1.2235 -2.1506 1.0000
1.1946 -2.1505 1.0000
1.1658 -2.1496 1.0000
1.1371 -2.1479 1.0000
1.1085 -2.1454 1.0000
1.0802 -2.1420 1.0000
1.0520 -2.1379 1.0000
1.0241 -2.1330 1.0000
0.9964 -2.1273 1.0000
0.9690 -2.1209 1.0000
0.9419 -2.1137 1.0000
0.9151 -2.1059 1.0000
0.8887 -2.0973 1.0000
0.8626 -2.0880 1.0000
0.8369 -2.0780 1.0000
0.8116 -2.0674 1.0000
0.7868 -2.0562 1.0000
0.7623 -2.0443 1.0000
0.7383 -2.0318 1.0000
0.7148 -2.0188 1.0000
0.6917 -2.0052 1.0000
0.6691 -1.9911 1.0000
0.6471 -1.9764 1.0000
0.6255 -1.9613 1.0000
0.6045 -1.9456 1.0000
0.5840 -1.9296 1.0000
0.5640 -1.9131 1.0000
0.5446 -1.8961 1.0000
0.5257 -1.8788 1.0000
0.5074 -1.8612 1.0000
0.4897 -1.8432 1.0000
0.4726 -1.8249 1.0000
0.4560 -1.8062 1.0000
0.4400 -1.7873 1.0000
0.4246 -1.7682 1.0000
0.4097 -1.7488 1.0000
0.3955 -1.7292 1.0000
0.3818 -1.7094 1.0000
0.3687 -1.6894 1.0000
0.3561 -1.6693 1.0000
0.3442 -1.6491 1.0000
0.3328 -1.6288 1.0000
0.3220 -1.6083 1.0000
0.3117 -1.5878 1.0000
0.3020 -1.5673 1.0000
0.2929 -1.5467 1.0000
0.2843 -1.5261 1.0000
0.2762 -1.5055 1.0000
0.2686 -1.4849 1.0000
0.2616 -1.4644 1.0000
0.2551 -1.4439 1.0000
0.2491 -1.4235 1.0000
0.2435 -1.4032 1.0000
0.2385 -1.3830 1.0000
0.2339 -1.3629 1.0000
0.2298 -1.3430 1.0000
0.2261 -1.3232 1.0000
0.2229 -1.3035 1.0000
0.2201 -1.2840 1.0000
0.2176 -1.2647 1.0000
0.2156 -1.2456 1.0000
0.2140 -1.2267 1.0000
0.2128 -1.2080 1.0000
0.2119 -1.1896 1.0000
0.2113 -1.1714 1.0000
0.2111 -1.1534 1.0000
0.2112 -1.1357 1.0000
0.2116 -1.1182 1.0000
0.2124 -1.1010 1.0000
0.2133 -1.0841 1.0000
0.2146 -1.0675 1.0000
0.2161 -1.0511 1.0000
0.2178 -1.0351 1.0000
0.2198 -1.0193 1.0000
0.2220 -1.0039 1.0000
0.2243 -0.9887 1.0000
0.2269 -0.9739 1.0000
0.2296 -0.9594 1.0000
0.2324 -0.9452 1.0000
0.2355 -0.9314 1.0000
0.2386 -0.9178 1.0000
0.2419 -0.9046 1.0000
0.2452 -0.8917 1.0000
0.2487 -0.8792 1.0000
0.2522 -0.8670 1.0000
0.2558 -0.8551 1.0000
0.2594 -0.8436 1.0000
0.2631 -0.8324 1.0000
0.2668 -0.8215 1.0000
0.2706 -0.8110 1.0000
0.2743 -0.8008 1.0000
0.2781 -0.7909 1.0000
0.2818 -0.7814 1.0000
0.2855 -0.7723 1.0000
0.2891 -0.7634 1.0000
0.2928 -0.7549 1.0000
0.2963 -0.7468 1.0000
0.2998 -0.7389 1.0000
0.3032 -0.7314 1.0000
0.3066 -0.7243 1.0000
0.3098 -0.7175 1.0000
0.3130 -0.7110 1.0000
0.3160 -0.7048 1.0000
0.3189 -0.6990 1.0000
0.3217 -0.6935 1.0000
0.3244 -0.6883 1.0000
0.3269 -0.6835 1.0000
0.3293 -0.6790 1.0000
0.3316 -0.6748 1.0000
0.3337 -0.6710 1.0000
0.3356 -0.6675 1.0000
0.3374 -0.6643 1.0000
0.3390 -0.6615 1.0000
0.3404 -0.6589 1.0000
0.3416 -0.6567 1.0000
0.3427 -0.6549 1.0000
0.3435 -0.6534 1.0000
0.3442 -0.6522 1.0000
0.3447 -0.6513 1.0000
0.3450 -0.6508 1.0000
0.3451 -0.6507 1.0000
0.3451 -0.6507 1.0000
0.3451 -0.6507 1.0000
0.3451 -0.6507 1.0000
0.3451 -0.6507 1.0000
0.3451 -0.6507 1.0000
0.3451 -0.6507 1.0000
0.3451 -0.6507 1.0000
0.3451 -0.6507 1.0000
0.3451 -0.6507 1.0000
0.3451 -0.6507 1.0000
0.3451 -0.6507 1.0000
0.3386 -0.6460 1.0000
0.3321 -0.6413 1.0000
0.3256 -0.6367 1.0000
0.3189 -0.6319 1.0000
0.3118 -0.6269 1.0000
0.3048 -0.6219 1.0000
0.2979 -0.6170 1.0000
0.2912 -0.6122 1.0000
0.2845 -0.6073 1.0000
0.2786 -0.6031 1.0000
0.2737 -0.5995 1.0000
0.2697 -0.5966 1.0000
0.2557 -0.5866 1.0000
0.2499 -0.5824 1.0000
0.2443 -0.5783 1.0000
0.2389 -0.5745 1.0000
0.2341 -0.5709 1.0000
0.2298 -0.5678 1.0000
0.2262 -0.5651 1.0000
0.2236 -0.5632 1.0000
0.2227 -0.5625 1.0000
0.2227 -0.5625 1.0000
0.2227 -0.5625 1.0000
0.2227 -0.5625 1.0000
0.2227 -0.5625 1.0000
0.2228 -0.5623 1.0000
0.2231 -0.5617 1.0000
0.2237 -0.5608 1.0000
0.2244 -0.5594 1.0000
0.2254 -0.5577 1.0000
0.2266 -0.5557 1.0000
0.2281 -0.5532 1.0000
0.2297 -0.5504 1.0000
0.2316 -0.5473 1.0000
0.2337 -0.5438 1.0000
0.2360 -0.5399 1.0000
0.2386 -0.5357 1.0000
0.2414 -0.5312 1.0000
0.2444 -0.5263 1.0000
0.2477 -0.5211 1.0000
0.2512 -0.5156 1.0000
0.2550 -0.5098 1.0000
0.2590 -0.5036 1.0000
0.2633 -0.4972 1.0000
0.2678 -0.4904 1.0000
0.2726 -0.4834 1.0000
0.2777 -0.4761 1.0000
0.2831 -0.4685 1.0000
0.2887 -0.4606 1.0000
0.2946 -0.4525 1.0000
0.3009 -0.4442 1.0000
0.3074 -0.4356 1.0000
0.3142 -0.4267 1.0000
0.3213 -0.4177 1.0000
0.3288 -0.4084 1.0000
0.3366 -0.3990 1.0000
0.3447 -0.3893 1.0000
0.3531 -0.3795 1.0000
0.3619 -0.3695 1.0000
0.3710 -0.3593 1.0000
0.3805 -0.3490 1.0000
0.3904 -0.3386 1.0000
0.4006 -0.3280 1.0000
0.4112 -0.3173 1.0000
0.4221 -0.3065 1.0000
0.4335 -0.2957 1.0000
0.4452 -0.2847 1.0000
0.4573 -0.2738 1.0000
0.4698 -0.2627 1.0000
0.4827 -0.2517 1.0000
0.4961 -0.2406 1.0000
0.5098 -0.2295 1.0000
0.5239 -0.2185 1.0000
0.5385 -0.2074 1.0000
0.5535 -0.1964 1.0000
0.5689 -0.1855 1.0000
0.5847 -0.1747 1.0000
0.6010 -0.1640 1.0000
0.6176 -0.1533 1.0000
0.6347 -0.1428 1.0000
0.6523 -0.1325 1.0000
0.6702 -0.1223 1.0000
0.6886 -0.1123 1.0000
0.7075 -0.1025 1.0000
0.7267 -0.0929 1.0000
0.7464 -0.0836 1.0000
0.7665 -0.0745 1.0000
0.7870 -0.0656 1.0000
0.8079 -0.0571 1.0000
0.8292 -0.0489 1.0000
0.8510 -0.0410 1.0000
0.8731 -0.0335 1.0000
0.8956 -0.0263 1.0000
0.9185 -0.0195 1.0000
0.9418 -0.0131 1.0000
0.9655 -0.0071 1.0000
0.9895 -0.0016 1.0000
1.0139 0.0035 1.0000
1.0386 0.0081 1.0000
1.0636 0.0122 1.0000
1.0890 0.0158 1.0000
1.1146 0.0188 1.0000
1.1406 0.0213 1.0000
1.1668 0.0233 1.0000
1.1933 0.0247 1.0000
1.2200 0.0255 1.0000
1.2470 0.0257 1.0000
1.2742 0.0252 1.0000
1.3015 0.0241 1.0000
1.3291 0.0224 1.0000
1.3568 0.0200 1.0000
1.3846 0.0169 1.0000
1.4126 0.0131 1.0000
1.4407 0.0087 1.0000
1.4688 0.0035 1.0000
1.4970 -0.0024 1.0000
1.5252 -0.0091 1.0000
1.5535 -0.0165 1.0000
1.5817 -0.0246 1.0000
1.6099 -0.0335 1.0000
1.6380 -0.0432 1.0000
1.6660 -0.0537 1.0000
1.6940 -0.0649 1.0000
1.7218 -0.0769 1.0000
1.7494 -0.0897 1.0000
1.7768 -0.1032 1.0000
1.8040 -0.1176 1.0000
1.8310 -0.1327 1.0000
1.8577 -0.1487 1.0000
1.8840 -0.1654 1.0000
1.9101 -0.1829 1.0000
1.9358 -0.2012 1.0000
1.9611 -0.2202 1.0000
1.9860 -0.2400 1.0000
2.0105 -0.2606 1.0000
2.0345 -0.2819 1.0000
2.0580 -0.3040 1.0000
2.0810 -0.3268 1.0000
2.1035 -0.3503 1.0000
2.1254 -0.3745 1.0000
2.1466 -0.3995 1.0000
2.1673 -0.4250 1.0000
2.1873 -0.4513 1.0000
2.2066 -0.4782 1.0000
2.2252 -0.5058 1.0000
2.2431 -0.5339 1.0000
2.2602 -0.5626 1.0000
2.2766 -0.5919 1.0000
2.2921 -0.6218 1.0000
2.3069 -0.6522 1.0000
2.3208 -0.6830 1.0000
2.3338 -0.7144 1.0000
2.3460 -0.7462 1.0000
2.3573 -0.7784 1.0000
2.3676 -0.8110 1.0000
2.3771 -0.8440 1.0000
2.3855 -0.8773 1.0000
2.3930 -0.9109 1.0000
2.3996 -0.9449 1.0000
2.4051 -0.9790 1.0000
2.4097 -1.0134 1.0000
2.4132 -1.0480 1.0000
2.4158 -1.0827 1.0000
2.4173 -1.1175 1.0000
2.4177 -1.1524 1.0000
2.4172 -1.1874 1.0000
2.4155 -1.2224 1.0000
2.4129 -1.2574 1.0000
2.4092 -1.2923 1.0000
2.4044 -1.3272 1.0000
2.3986 -1.3619 1.0000
2.3918 -1.3965 1.0000
2.3839 -1.4309 1.0000
2.3749 -1.4651 1.0000
2.3650 -1.4990 1.0000
2.3540 -1.5327 1.0000
2.3420 -1.5660 1.0000
2.3290 -1.5989 1.0000
2.3150 -1.6315 1.0000
2.3000 -1.6636 1.0000
2.2840 -1.6953 1.0000
2.2671 -1.7265 1.0000
2.2493 -1.7572 1.0000
2.2305 -1.7874 1.0000
2.2108 -1.8169 1.0000
2.1903 -1.8459 1.0000
2.1689 -1.8742 1.0000
2.1466 -1.9019 1.0000
2.1235 -1.9289 1.0000
2.0997 -1.9551 1.0000
2.0750 -1.9806 1.0000
2.0496 -2.0054 1.0000
2.0235 -2.0293 1.0000
1.9967 -2.0525 1.0000
1.9693 -2.0748 1.0000
1.9412 -2.0962 1.0000
1.9125 -2.1168 1.0000
1.8832 -2.1365 1.0000
1.8533 -2.1553 1.0000
1.8230 -2.1732 1.0000
1.7922 -2.1901 1.0000
1.7609 -2.2061 1.0000
1.7292 -2.2211 1.0000
1.6971 -2.2352 1.0000
1.6646 -2.2482 1.0000
1.6318 -2.2603 1.0000
1.5988 -2.2714 1.0000
1.5655 -2.2815 1.0000
1.5319 -2.2906 1.0000
1.4982 -2.2986 1.0000
1.4643 -2.3057 1.0000
1.4303 -2.3117 1.0000
1.3962 -2.3168 1.0000
1.3621 -2.3208 1.0000
1.3279 -2.3238 1.0000
1.2937 -2.3258 1.0000
1.2596 -2.3269 1.0000
1.2256 -2.3269 1.0000
1.1916 -2.3259 1.0000
1.1578 -2.3240 1.0000
1.1242 -2.3211 1.0000
1.0908 -2.3173 1.0000
1.0575 -2.3125 1.0000
1.0246 -2.3068 1.0000
0.9919 -2.3002 1.0000
0.9595 -2.2927 1.0000
0.9275 -2.2843 1.0000
0.8958 -2.2751 1.0000
0.8645 -2.2650 1.0000
0.8336 -2.2540 1.0000
0.8031 -2.2423 1.0000
0.7731 -2.2298 1.0000
0.7436 -2.2165 1.0000
0.7146 -2.2024 1.0000
0.6861 -2.1877 1.0000
0.6581 -2.1722 1.0000
0.6307 -2.1560 1.0000
0.6038 -2.1392 1.0000
0.5775 -2.1218 1.0000
0.5519 -2.1037 1.0000
0.5268 -2.0851 1.0000
0.5024 -2.0659 1.0000
0.4786 -2.0461 1.0000
0.4554 -2.0259 1.0000
0.4329 -2.0051 1.0000
0.4111 -1.9839 1.0000
0.3899 -1.9623 1.0000
0.3694 -1.9402 1.0000
0.3496 -1.9178 1.0000
0.3305 -1.8950 1.0000
0.3121 -1.8719 1.0000
0.2944 -1.8485 1.0000
0.2774 -1.8248 1.0000
0.2610 -1.8008 1.0000
0.2454 -1.7766 1.0000
0.2305 -1.7522 1.0000
0.2162 -1.7276 1.0000
0.2027 -1.7028 1.0000
0.1898 -1.6779 1.0000
0.1777 -1.6529 1.0000
0.1662 -1.6278 1.0000
0.1554 -1.6026 1.0000
0.1452 -1.5774 1.0000
0.1357 -1.5522 1.0000
0.1269 -1.5270 1.0000
0.1187 -1.5017 1.0000
0.1111 -1.4766 1.0000
0.1042 -1.4514 1.0000
0.0978 -1.4264 1.0000
0.0921 -1.4014 1.0000
0.0870 -1.3766 1.0000
0.0824 -1.3519 1.0000
0.0784 -1.3273 1.0000
0.0750 -1.3029 1.0000
0.0721 -1.2787 1.0000
0.0697 -1.2546 1.0000
0.0678 -1.2308 1.0000
0.0664 -1.2072 1.0000
0.0655 -1.1838 1.0000
0.0651 -1.1607 1.0000
0.0651 -1.1379 1.0000
0.0656 -1.1153 1.0000
0.0665 -1.0930 1.0000
0.0678 -1.0709 1.0000
0.0694 -1.0492 1.0000
0.0715 -1.0278 1.0000
0.0739 -1.0067 1.0000
0.0766 -0.9860 1.0000
0.0797 -0.9656 1.0000
0.0831 -0.9455 1.0000
0.0868 -0.9257 1.0000
0.0907 -0.9064 1.0000
0.0949 -0.8873 1.0000
0.0994 -0.8687 1.0000
0.1040 -0.8504 1.0000
0.1089 -0.8325 1.0000
0.1140 -0.8149 1.0000
0.1192 -0.7978 1.0000
0.1247 -0.7810 1.0000
0.1302 -0.7646 1.0000
0.1359 -0.7485 1.0000
0.1417 -0.7329 1.0000
0.1477 -0.7176 1.0000
0.1537 -0.7028 1.0000
0.1597 -0.6883 1.0000
0.1659 -0.6742 1.0000
0.1721 -0.6605 1.0000
0.1783 -0.6472 1.0000
0.1845 -0.6342 1.0000
0.1907 -0.6217 1.0000
0.1969 -0.6095 1.0000
0.2031 -0.5977 1.0000
0.2093 -0.5863 1.0000
0.2154 -0.5753 1.0000
0.2214 -0.5647 1.0000
0.2274 -0.5544 1.0000
0.2333 -0.5445 1.0000
0.2391 -0.5349 1.0000
0.2448 -0.5258 1.0000
0.2503 -0.5170 1.0000
0.2558 -0.5085 1.0000
0.2611 -0.5005 1.0000
0.2663 -0.4927 1.0000
0.2713 -0.4854 1.0000
0.2761 -0.4784 1.0000
0.2808 -0.4717 1.0000
0.2853 -0.4654 1.0000
0.2896 -0.4595 1.0000
0.2937 -0.4538 1.0000
0.2976 -0.4486 1.0000
0.3012 -0.4437 1.0000
0.3047 -0.4391 1.0000
0.3079 -0.4348 1.0000
0.3109 -0.4309 1.0000
0.3137 -0.4274 1.0000
0.3162 -0.4242 1.0000
0.3185 -0.4213 1.0000
0.3205 -0.4187 1.0000
0.3223 -0.4165 1.0000
0.3238 -0.4146 1.0000
0.3250 -0.4131 1.0000
0.3260 -0.4119 1.0000
0.3267 -0.4111 1.0000
0.3271 -0.4105 1.0000
0.3272 -0.4104 1.0000
0.3272 -0.4104 1.0000
0.3272 -0.4104 1.0000
0.3272 -0.4104 1.0000
0.3272 -0.4104 1.0000
0.3272 -0.4104 1.0000
0.3272 -0.4104 1.0000
0.3272 -0.4104 1.0000
0.3272 -0.4104 1.0000
0.3272 -0.4104 1.0000
0.3272 -0.4104 1.0000
0.3272 -0.4104 1.0000
0.3272 -0.4104 1.0000
0.3272 -0.4104 1.0000
0.3272 -0.4104 1.0000
0.3272 -0.4104 1.0000
0.3272 -0.4104 1.0000
0.3272 -0.4104 1.0000
0.3272 -0.4104 1.0000
0.3272 -0.4104 1.0000
0.3272 -0.4104 1.0000
0.3272 -0.4104 1.0000
0.3272 -0.4104 1.0000
0.3272 -0.4104 1.0000
0.3272 -0.4104 1.0000
0.3272 -0.4104 1.0000
0.3272 -0.4104 1.0000
0.3272 -0.4104 1.0000
0.3272 -0.4104 1.0000
0.3272 -0.4104 1.0000
