1.7500 -1.2500 1.0000
1.7500 -1.2500 1.0000
1.7540 -1.2516 1.0000
1.7589 -1.2518 1.0000
1.7657 -1.2532 1.0000
1.7750 -1.2551 1.0000
1.7866 -1.2577 1.0000
1.8002 -1.2607 1.0000
1.8157 -1.2644 1.0000
1.8331 -1.2686 1.0000
1.8519 -1.2733 1.0000
1.8694 -1.2804 1.0000
1.8853 -1.2897 1.0000
1.8996 -1.3005 1.0000
1.9123 -1.3126 1.0000
1.9238 -1.3258 1.0000
1.9339 -1.3395 1.0000
1.9446 -1.3495 1.0000
1.9552 -1.3598 1.0000
1.9657 -1.3707 1.0000
1.9760 -1.3818 1.0000
1.9860 -1.3934 1.0000
1.9958 -1.4050 1.0000
2.0052 -1.4169 1.0000
2.0142 -1.4288 1.0000
2.0227 -1.4410 1.0000
2.0307 -1.4533 1.0000
2.0381 -1.4655 1.0000
2.0450 -1.4776 1.0000
2.0512 -1.4896 1.0000
2.0567 -1.5014 1.0000
2.0648 -1.5157 1.0000
2.0705 -1.5311 1.0000
2.0740 -1.5475 1.0000
2.0765 -1.5631 1.0000
2.0783 -1.5781 1.0000
2.0793 -1.5921 1.0000
2.0798 -1.6048 1.0000
2.0798 -1.6160 1.0000
2.0794 -1.6256 1.0000
2.0789 -1.6336 1.0000
2.0784 -1.6403 1.0000
2.0778 -1.6461 1.0000
2.0772 -1.6501 1.0000
2.0771 -1.6507 1.0000
2.0771 -1.6507 1.0000
2.0770 -1.6508 1.0000
2.0768 -1.6513 1.0000
2.0763 -1.6522 1.0000
2.0756 -1.6534 1.0000
2.0747 -1.6549 1.0000
2.0736 -1.6567 1.0000
2.0723 -1.6589 1.0000
2.0709 -1.6614 1.0000
2.0692 -1.6642 1.0000
2.0673 -1.6673 1.0000
2.0652 -1.6707 1.0000
2.0630 -1.6744 1.0000
2.0605 -1.6785 1.0000
2.0578 -1.6828 1.0000
2.0549 -1.6874 1.0000
2.0517 -1.6923 1.0000
2.0484 -1.6975 1.0000
2.0448 -1.7029 1.0000
2.0410 -1.7086 1.0000
2.0369 -1.7146 1.0000
2.0326 -1.7208 1.0000
2.0281 -1.7273 1.0000
2.0233 -1.7340 1.0000
2.0183 -1.7410 1.0000
2.0130 -1.7481 1.0000
2.0075 -1.7555 1.0000
2.0016 -1.7631 1.0000
1.9955 -1.7709 1.0000
1.9892 -1.7789 1.0000
1.9825 -1.7870 1.0000
1.9756 -1.7954 1.0000
1.9683 -1.8039 1.0000
1.9608 -1.8125 1.0000
1.9529 -1.8213 1.0000
1.9447 -1.8302 1.0000
1.9362 -1.8393 1.0000
1.9274 -1.8484 1.0000
1.9183 -1.8577 1.0000
1.9088 -1.8670 1.0000
1.8990 -1.8765 1.0000
1.8889 -1.8860 1.0000
1.8784 -1.8955 1.0000
1.8675 -1.9051 1.0000
1.8563 -1.9147 1.0000
1.8448 -1.9243 1.0000
1.8328 -1.9339 1.0000
1.8205 -1.9435 1.0000
1.8079 -1.9531 1.0000
1.7948 -1.9626 1.0000
1.7814 -1.9721 1.0000
1.7677 -1.9815 1.0000
1.7535 -1.9908 1.0000
1.7390 -2.0000 1.0000
1.7241 -2.0091 1.0000
1.7088 -2.0180 1.0000
1.6931 -2.0269 1.0000
1.6770 -2.0355 1.0000
1.6606 -2.0439 1.0000
1.6438 -2.0522 1.0000
1.6266 -2.0603 1.0000
1.6091 -2.0681 1.0000
1.5912 -2.0756 1.0000
1.5729 -2.0829 1.0000
1.5542 -2.0900 1.0000
1.5352 -2.0967 1.0000
1.5159 -2.1031 1.0000
1.4962 -2.1092 1.0000
1.4762 -2.1149 1.0000
1.4558 -2.1203 1.0000
1.4351 -2.1252 1.0000
1.4142 -2.1298 1.0000
1.3929 -2.1340 1.0000
1.3713 -2.1378 1.0000
1.3494 -2.1411 1.0000
1.3273 -2.1439 1.0000
1.3049 -2.1463 1.0000
1.2822 -2.1481 1.0000
1.2593 -2.1495 1.0000
1.2362 -2.1503 1.0000
1.2129 -2.1507 1.0000
1.1894 -2.1504 1.0000
1.1657 -2.1496 1.0000
1.1419 -2.1483 1.0000
1.1179 -2.1463 1.0000
1.0938 -2.1438 1.0000
1.0696 -2.1406 1.0000
1.0453 -2.1368 1.0000
1.0209 -2.1324 1.0000
0.9965 -2.1274 1.0000
0.9721 -2.1217 1.0000
0.9476 -2.1153 1.0000
0.9232 -2.1083 1.0000
0.8988 -2.1006 1.0000
0.8744 -2.0923 1.0000
0.8501 -2.0832 1.0000
0.8260 -2.0735 1.0000
0.8019 -2.0631 1.0000
0.7780 -2.0520 1.0000
0.7543 -2.0402 1.0000
0.7308 -2.0277 1.0000
0.7075 -2.0146 1.0000
0.6844 -2.0007 1.0000
0.6616 -1.9861 1.0000
0.6391 -1.9709 1.0000
0.6169 -1.9550 1.0000
0.5951 -1.9384 1.0000
0.5736 -1.9211 1.0000
0.5525 -1.9032 1.0000
0.5319 -1.8846 1.0000
0.5117 -1.8653 1.0000
0.4919 -1.8455 1.0000
0.4726 -1.8249 1.0000
0.4539 -1.8038 1.0000
0.4357 -1.7821 1.0000
0.4180 -1.7598 1.0000
0.4010 -1.7369 1.0000
0.3845 -1.7134 1.0000
0.3687 -1.6894 1.0000
0.3535 -1.6649 1.0000
0.3390 -1.6399 1.0000
0.3251 -1.6144 1.0000
0.3120 -1.5884 1.0000
0.2996 -1.5619 1.0000
0.2880 -1.5351 1.0000
0.2771 -1.5078 1.0000
0.2670 -1.4802 1.0000
0.2577 -1.4522 1.0000
0.2492 -1.4239 1.0000
0.2415 -1.3953 1.0000
0.2347 -1.3664 1.0000
0.2287 -1.3372 1.0000
0.2235 -1.3078 1.0000
0.2193 -1.2783 1.0000
0.2159 -1.2485 1.0000
0.2134 -1.2186 1.0000
0.2118 -1.1886 1.0000
0.2112 -1.1585 1.0000
0.2114 -1.1284 1.0000
0.2125 -1.0983 1.0000
0.2145 -1.0681 1.0000
0.2175 -1.0380 1.0000
0.2214 -1.0080 1.0000
0.2261 -0.9780 1.0000
0.2318 -0.9482 1.0000
0.2384 -0.9186 1.0000
0.2459 -0.8891 1.0000
0.2543 -0.8599 1.0000
0.2636 -0.8309 1.0000
0.2738 -0.8022 1.0000
0.2848 -0.7738 1.0000
0.2968 -0.7458 1.0000
0.3095 -0.7181 1.0000
0.3231 -0.6908 1.0000
0.3376 -0.6639 1.0000
0.3528 -0.6375 1.0000
0.3689 -0.6116 1.0000
0.3857 -0.5861 1.0000
0.4033 -0.5612 1.0000
0.4216 -0.5369 1.0000
0.4407 -0.5131 1.0000
0.4605 -0.4900 1.0000
0.4809 -0.4674 1.0000
0.5020 -0.4455 1.0000
0.5238 -0.4243 1.0000
0.5462 -0.4038 1.0000
0.5691 -0.3839 1.0000
0.5927 -0.3648 1.0000
0.6167 -0.3465 1.0000
0.6413 -0.3289 1.0000
0.6664 -0.3120 1.0000
0.6920 -0.2960 1.0000
0.7180 -0.2807 1.0000
0.7444 -0.2663 1.0000
0.7711 -0.2527 1.0000
0.7983 -0.2399 1.0000
0.8257 -0.2279 1.0000
0.8534 -0.2168 1.0000
0.8814 -0.2066 1.0000
0.9097 -0.1972 1.0000
0.9381 -0.1886 1.0000
0.9668 -0.1810 1.0000
0.9955 -0.1742 1.0000
1.0244 -0.1682 1.0000
1.0534 -0.1632 1.0000
1.0825 -0.1590 1.0000
1.1116 -0.1556 1.0000
1.1406 -0.1531 1.0000
1.1697 -0.1515 1.0000
1.1987 -0.1507 1.0000
1.2276 -0.1508 1.0000
1.2565 -0.1517 1.0000
1.2852 -0.1534 1.0000
1.3137 -0.1559 1.0000
1.3421 -0.1593 1.0000
1.3702 -0.1634 1.0000
1.3982 -0.1683 1.0000
1.4258 -0.1740 1.0000
1.4532 -0.1804 1.0000
1.4803 -0.1876 1.0000
1.5071 -0.1955 1.0000
1.5335 -0.2041 1.0000
1.5596 -0.2133 1.0000
1.5853 -0.2233 1.0000
1.6106 -0.2339 1.0000
1.6355 -0.2452 1.0000
1.6599 -0.2570 1.0000
1.6839 -0.2695 1.0000
1.7075 -0.2825 1.0000
1.7305 -0.2961 1.0000
1.7531 -0.3103 1.0000
1.7752 -0.3249 1.0000
1.7967 -0.3401 1.0000
1.8178 -0.3557 1.0000
1.8383 -0.3718 1.0000
1.8582 -0.3883 1.0000
1.8776 -0.4052 1.0000
1.8965 -0.4225 1.0000
1.9148 -0.4401 1.0000
1.9325 -0.4581 1.0000
1.9497 -0.4765 1.0000
1.9663 -0.4951 1.0000
1.9823 -0.5140 1.0000
1.9977 -0.5331 1.0000
2.0125 -0.5525 1.0000
2.0268 -0.5721 1.0000
2.0405 -0.5919 1.0000
2.0536 -0.6119 1.0000
2.0661 -0.6320 1.0000
2.0780 -0.6522 1.0000
2.0894 -0.6726 1.0000
2.1002 -0.6930 1.0000
2.1105 -0.7135 1.0000
2.1202 -0.7341 1.0000
2.1294 -0.7546 1.0000
2.1380 -0.7752 1.0000
2.1460 -0.7958 1.0000
2.1536 -0.8164 1.0000
2.1606 -0.8369 1.0000
2.1671 -0.8574 1.0000
2.1732 -0.8778 1.0000
2.1787 -0.8981 1.0000
2.1837 -0.9183 1.0000
2.1883 -0.9384 1.0000
2.1925 -0.9584 1.0000
2.1961 -0.9782 1.0000
2.1994 -0.9978 1.0000
2.2022 -1.0173 1.0000
2.2046 -1.0366 1.0000
2.2066 -1.0557 1.0000
2.2082 -1.0746 1.0000
2.2095 -1.0933 1.0000
2.2104 -1.1117 1.0000
2.2109 -1.1300 1.0000
2.2111 -1.1479 1.0000
2.2110 -1.1657 1.0000
2.2106 -1.1831 1.0000
2.2099 -1.2003 1.0000
2.2089 -1.2172 1.0000
2.2077 -1.2339 1.0000
2.2062 -1.2502 1.0000
2.2044 -1.2663 1.0000
2.2025 -1.2820 1.0000
2.2003 -1.2975 1.0000
2.1979 -1.3126 1.0000
2.1954 -1.3274 1.0000
2.1927 -1.3419 1.0000
2.1898 -1.3561 1.0000
2.1868 -1.3700 1.0000
2.1836 -1.3835 1.0000
2.1804 -1.3967 1.0000
2.1770 -1.4096 1.0000
2.1736 -1.4221 1.0000
2.1700 -1.4343 1.0000
2.1664 -1.4462 1.0000
2.1628 -1.4577 1.0000
2.1591 -1.4689 1.0000
2.1554 -1.4798 1.0000
2.1517 -1.4903 1.0000
2.1479 -1.5005 1.0000
2.1442 -1.5104 1.0000
2.1405 -1.5199 1.0000
2.1368 -1.5291 1.0000
2.1331 -1.5379 1.0000
2.1295 -1.5464 1.0000
2.1259 -1.5546 1.0000
2.1224 -1.5624 1.0000
2.1190 -1.5699 1.0000
2.1157 -1.5770 1.0000
2.1124 -1.5839 1.0000
2.1093 -1.5904 1.0000
2.1062 -1.5965 1.0000
2.1033 -1.6023 1.0000
2.1005 -1.6078 1.0000
2.0978 -1.6130 1.0000
2.0953 -1.6178 1.0000
2.0929 -1.6223 1.0000
2.0907 -1.6265 1.0000
2.0886 -1.6303 1.0000
2.0866 -1.6338 1.0000
2.0849 -1.6370 1.0000
2.0833 -1.6399 1.0000
2.0819 -1.6424 1.0000
2.0806 -1.6446 1.0000
2.0796 -1.6464 1.0000
2.0787 -1.6479 1.0000
2.0780 -1.6491 1.0000
2.0775 -1.6500 1.0000
2.0772 -1.6505 1.0000
2.0771 -1.6507 1.0000
2.0771 -1.6507 1.0000
2.0771 -1.6507 1.0000
2.0771 -1.6507 1.0000
2.0771 -1.6507 1.0000
2.0771 -1.6507 1.0000
2.0771 -1.6507 1.0000
2.0771 -1.6507 1.0000
2.0771 -1.6507 1.0000
2.0771 -1.6507 1.0000
2.0771 -1.6507 1.0000
2.0771 -1.6507 1.0000
2.0702 -1.6463 1.0000
2.0618 -1.6410 1.0000
2.0514 -1.6344 1.0000
2.0389 -1.6265 1.0000
2.0245 -1.6174 1.0000
2.0081 -1.6071 1.0000
1.9904 -1.5959 1.0000
1.9725 -1.5846 1.0000
1.9555 -1.5739 1.0000
1.9400 -1.5641 1.0000
1.9259 -1.5552 1.0000
1.9129 -1.5470 1.0000
1.8746 -1.5229 1.0000
1.8595 -1.5133 1.0000
1.8437 -1.5034 1.0000
1.8277 -1.4933 1.0000
1.8122 -1.4835 1.0000
1.7981 -1.4746 1.0000
1.7862 -1.4672 1.0000
1.7768 -1.4612 1.0000
1.7692 -1.4564 1.0000
1.7624 -1.4521 1.0000
1.7563 -1.4483 1.0000
1.7508 -1.4447 1.0000
1.7508 -1.4447 1.0000
1.7507 -1.4448 1.0000
1.7505 -1.4451 1.0000
1.7503 -1.4456 1.0000
1.7499 -1.4463 1.0000
1.7494 -1.4471 1.0000
1.7488 -1.4482 1.0000
1.7481 -1.4494 1.0000
1.7472 -1.4508 1.0000
1.7463 -1.4523 1.0000
1.7452 -1.4541 1.0000
1.7441 -1.4560 1.0000
1.7428 -1.4581 1.0000
1.7414 -1.4604 1.0000
1.7399 -1.4628 1.0000
1.7382 -1.4654 1.0000
1.7365 -1.4682 1.0000
1.7346 -1.4711 1.0000
1.7326 -1.4742 1.0000
1.7305 -1.4774 1.0000
1.7282 -1.4808 1.0000
1.7258 -1.4843 1.0000
1.7232 -1.4880 1.0000
1.7206 -1.4917 1.0000
1.7177 -1.4957 1.0000
1.7148 -1.4997 1.0000
1.7117 -1.5039 1.0000
1.7084 -1.5082 1.0000
1.7050 -1.5126 1.0000
1.7014 -1.5171 1.0000
1.6977 -1.5218 1.0000
1.6938 -1.5265 1.0000
1.6898 -1.5313 1.0000
1.6855 -1.5362 1.0000
1.6811 -1.5413 1.0000
1.6766 -1.5463 1.0000
1.6718 -1.5515 1.0000
1.6669 -1.5567 1.0000
1.6618 -1.5620 1.0000
1.6565 -1.5673 1.0000
1.6510 -1.5727 1.0000
1.6454 -1.5782 1.0000
1.6395 -1.5836 1.0000
1.6334 -1.5891 1.0000
1.6272 -1.5946 1.0000
1.6207 -1.6002 1.0000
1.6141 -1.6057 1.0000
1.6072 -1.6112 1.0000
1.6001 -1.6168 1.0000
1.5928 -1.6223 1.0000
1.5854 -1.6278 1.0000
1.5777 -1.6332 1.0000
1.5697 -1.6386 1.0000
1.5616 -1.6440 1.0000
1.5533 -1.6493 1.0000
1.5447 -1.6546 1.0000
1.5360 -1.6598 1.0000
1.5270 -1.6648 1.0000
1.5178 -1.6698 1.0000
1.5084 -1.6747 1.0000
1.4987 -1.6795 1.0000
1.4889 -1.6842 1.0000
1.4789 -1.6888 1.0000
1.4686 -1.6932 1.0000
1.4581 -1.6974 1.0000
1.4475 -1.7015 1.0000
1.4366 -1.7055 1.0000
1.4255 -1.7093 1.0000
1.4143 -1.7128 1.0000
1.4028 -1.7162 1.0000
1.3912 -1.7194 1.0000
1.3794 -1.7224 1.0000
1.3673 -1.7252 1.0000
1.3552 -1.7277 1.0000
1.3428 -1.7300 1.0000
1.3303 -1.7321 1.0000
1.3176 -1.7339 1.0000
1.3048 -1.7354 1.0000
1.2918 -1.7367 1.0000
1.2787 -1.7376 1.0000
1.2655 -1.7383 1.0000
1.2521 -1.7387 1.0000
1.2386 -1.7388 1.0000
1.2250 -1.7386 1.0000
1.2113 -1.7381 1.0000
1.1976 -1.7372 1.0000
1.1837 -1.7360 1.0000
1.1698 -1.7345 1.0000
1.1558 -1.7326 1.0000
1.1418 -1.7303 1.0000
1.1277 -1.7277 1.0000
1.1136 -1.7248 1.0000
1.0995 -1.7214 1.0000
1.0854 -1.7178 1.0000
1.0712 -1.7137 1.0000
1.0572 -1.7092 1.0000
1.0431 -1.7044 1.0000
1.0291 -1.6992 1.0000
1.0151 -1.6936 1.0000
1.0012 -1.6876 1.0000
0.9874 -1.6812 1.0000
0.9737 -1.6744 1.0000
0.9601 -1.6672 1.0000
0.9466 -1.6596 1.0000
0.9333 -1.6517 1.0000
0.9201 -1.6433 1.0000
0.9070 -1.6345 1.0000
0.8942 -1.6254 1.0000
0.8815 -1.6159 1.0000
0.8691 -1.6060 1.0000
0.8568 -1.5957 1.0000
0.8448 -1.5850 1.0000
0.8331 -1.5740 1.0000
0.8216 -1.5626 1.0000
0.8104 -1.5508 1.0000
0.7994 -1.5387 1.0000
0.7888 -1.5263 1.0000
0.7785 -1.5135 1.0000
0.7685 -1.5003 1.0000
0.7588 -1.4869 1.0000
0.7495 -1.4731 1.0000
0.7406 -1.4590 1.0000
0.7320 -1.4447 1.0000
0.7238 -1.4300 1.0000
0.7160 -1.4151 1.0000
0.7087 -1.3999 1.0000
0.7017 -1.3845 1.0000
0.6952 -1.3688 1.0000
0.6891 -1.3529 1.0000
0.6835 -1.3368 1.0000
0.6783 -1.3205 1.0000
0.6736 -1.3040 1.0000
0.6693 -1.2873 1.0000
0.6656 -1.2705 1.0000
0.6623 -1.2536 1.0000
0.6595 -1.2365 1.0000
0.6573 -1.2193 1.0000
0.6555 -1.2020 1.0000
0.6542 -1.1847 1.0000
0.6535 -1.1672 1.0000
0.6532 -1.1498 1.0000
0.6535 -1.1323 1.0000
0.6543 -1.1148 1.0000
0.6557 -1.0973 1.0000
0.6575 -1.0798 1.0000
0.6599 -1.0624 1.0000
0.6628 -1.0450 1.0000
0.6662 -1.0277 1.0000
0.6702 -1.0105 1.0000
0.6746 -0.9934 1.0000
0.6796 -0.9765 1.0000
0.6851 -0.9597 1.0000
0.6911 -0.9430 1.0000
0.6976 -0.9265 1.0000
0.7046 -0.9102 1.0000
0.7121 -0.8942 1.0000
0.7201 -0.8783 1.0000
0.7285 -0.8627 1.0000
0.7375 -0.8474 1.0000
0.7468 -0.8323 1.0000
0.7567 -0.8175 1.0000
0.7670 -0.8030 1.0000
0.7777 -0.7889 1.0000
0.7888 -0.7751 1.0000
0.8003 -0.7616 1.0000
0.8123 -0.7484 1.0000
0.8246 -0.7357 1.0000
0.8373 -0.7233 1.0000
0.8503 -0.7113 1.0000
0.8637 -0.6998 1.0000
0.8775 -0.6886 1.0000
0.8915 -0.6779 1.0000
0.9059 -0.6676 1.0000
0.9205 -0.6577 1.0000
0.9354 -0.6483 1.0000
0.9506 -0.6394 1.0000
0.9660 -0.6309 1.0000
0.9817 -0.6230 1.0000
0.9975 -0.6154 1.0000
1.0136 -0.6084 1.0000
1.0298 -0.6019 1.0000
1.0462 -0.5958 1.0000
1.0627 -0.5903 1.0000
1.0794 -0.5853 1.0000
1.0961 -0.5807 1.0000
1.1130 -0.5767 1.0000
1.1299 -0.5732 1.0000
1.1469 -0.5701 1.0000
1.1640 -0.5676 1.0000
1.1811 -0.5656 1.0000
1.1981 -0.5641 1.0000
1.2152 -0.5631 1.0000
1.2323 -0.5626 1.0000
1.2493 -0.5625 1.0000
1.2663 -0.5630 1.0000
1.2832 -0.5640 1.0000
1.3000 -0.5654 1.0000
1.3167 -0.5673 1.0000
1.3333 -0.5697 1.0000
1.3498 -0.5726 1.0000
1.3662 -0.5759 1.0000
1.3823 -0.5796 1.0000
1.3984 -0.5838 1.0000
1.4142 -0.5885 1.0000
1.4299 -0.5935 1.0000
1.4453 -0.5990 1.0000
1.4605 -0.6048 1.0000
1.4755 -0.6111 1.0000
1.4903 -0.6177 1.0000
1.5048 -0.6248 1.0000
1.5191 -0.6322 1.0000
1.5330 -0.6399 1.0000
1.5468 -0.6480 1.0000
1.5602 -0.6564 1.0000
1.5733 -0.6651 1.0000
1.5862 -0.6741 1.0000
1.5987 -0.6835 1.0000
1.6109 -0.6931 1.0000
1.6228 -0.7029 1.0000
1.6344 -0.7131 1.0000
1.6456 -0.7234 1.0000
1.6566 -0.7340 1.0000
1.6671 -0.7448 1.0000
1.6774 -0.7559 1.0000
1.6873 -0.7671 1.0000
1.6968 -0.7785 1.0000
1.7060 -0.7900 1.0000
1.7149 -0.8018 1.0000
1.7234 -0.8136 1.0000
1.7316 -0.8256 1.0000
1.7394 -0.8377 1.0000
1.7469 -0.8499 1.0000
1.7540 -0.8622 1.0000
1.7607 -0.8746 1.0000
1.7672 -0.8870 1.0000
1.7733 -0.8995 1.0000
1.7790 -0.9121 1.0000
1.7844 -0.9247 1.0000
1.7895 -0.9373 1.0000
1.7942 -0.9499 1.0000
1.7987 -0.9625 1.0000
1.8028 -0.9751 1.0000
1.8065 -0.9877 1.0000
1.8100 -1.0003 1.0000
1.8132 -1.0128 1.0000
1.8160 -1.0253 1.0000
1.8186 -1.0377 1.0000
1.8209 -1.0501 1.0000
1.8229 -1.0623 1.0000
1.8246 -1.0746 1.0000
1.8261 -1.0867 1.0000
1.8273 -1.0987 1.0000
1.8282 -1.1106 1.0000
1.8289 -1.1224 1.0000
1.8293 -1.1341 1.0000
1.8295 -1.1456 1.0000
1.8295 -1.1571 1.0000
1.8293 -1.1684 1.0000
1.8289 -1.1795 1.0000
1.8282 -1.1905 1.0000
1.8274 -1.2014 1.0000
1.8263 -1.2121 1.0000
1.8251 -1.2226 1.0000
1.8238 -1.2330 1.0000
1.8222 -1.2432 1.0000
1.8205 -1.2533 1.0000
1.8187 -1.2631 1.0000
1.8167 -1.2728 1.0000
1.8146 -1.2823 1.0000
1.8124 -1.2916 1.0000
1.8101 -1.3008 1.0000
1.8076 -1.3098 1.0000
1.8051 -1.3185 1.0000
1.8025 -1.3271 1.0000
1.7998 -1.3355 1.0000
1.7970 -1.3437 1.0000
1.7941 -1.3517 1.0000
1.7912 -1.3595 1.0000
1.7883 -1.3672 1.0000
1.7853 -1.3746 1.0000
1.7822 -1.3818 1.0000
1.7792 -1.3889 1.0000
1.7761 -1.3957 1.0000
1.7730 -1.4024 1.0000
1.7699 -1.4089 1.0000
1.7667 -1.4151 1.0000
1.7636 -1.4212 1.0000
1.7605 -1.4271 1.0000
1.7575 -1.4328 1.0000
1.7544 -1.4383 1.0000
1.7514 -1.4437 1.0000
1.7484 -1.4488 1.0000
1.7455 -1.4538 1.0000
1.7426 -1.4585 1.0000
1.7397 -1.4631 1.0000
1.7369 -1.4675 1.0000
1.7342 -1.4717 1.0000
1.7315 -1.4758 1.0000
1.7290 -1.4796 1.0000
1.7265 -1.4833 1.0000
1.7240 -1.4868 1.0000
1.7217 -1.4901 1.0000
1.7195 -1.4933 1.0000
1.7173 -1.4963 1.0000
1.7153 -1.4991 1.0000
1.7133 -1.5017 1.0000
1.7115 -1.5042 1.0000
1.7098 -1.5064 1.0000
1.7081 -1.5086 1.0000
1.7066 -1.5105 1.0000
1.7053 -1.5123 1.0000
1.7040 -1.5139 1.0000
1.7029 -1.5154 1.0000
1.7018 -1.5166 1.0000
1.7010 -1.5177 1.0000
1.7002 -1.5187 1.0000
1.6996 -1.5194 1.0000
1.6991 -1.5200 1.0000
1.6988 -1.5205 1.0000
1.6986 -1.5207 1.0000
1.6985 -1.5208 1.0000
1.6985 -1.5208 1.0000
1.6985 -1.5208 1.0000
1.6985 -1.5208 1.0000
1.6985 -1.5208 1.0000
1.6985 -1.5208 1.0000
1.6985 -1.5208 1.0000
1.6985 -1.5208 1.0000
1.6985 -1.5208 1.0000
1.6985 -1.5208 1.0000
1.6985 -1.5208 1.0000
1.6985 -1.5208 1.0000
1.6985 -1.5208 1.0000
1.6985 -1.5208 1.0000
1.6985 -1.5208 1.0000
1.6985 -1.5208 1.0000
1.6985 -1.5208 1.0000
1.6985 -1.5208 1.0000
1.6985 -1.5208 1.0000
1.6985 -1.5208 1.0000
1.6985 -1.5208 1.0000
1.6985 -1.5208 1.0000
1.6985 -1.5208 1.0000
1.6985 -1.5208 1.0000
1.6985 -1.5208 1.0000
1.6985 -1.5208 1.0000
1.6985 -1.5208 1.0000
1.6985 -1.5208 1.0000
1.6985 -1.5208 1.0000
1.6985 -1.5208 1.0000
