1.7500 -1.7500 1.0000
1.7500 -1.7500 1.0000
1.7499 -1.7583 1.0000
1.7497 -1.7685 1.0000
1.7492 -1.7811 1.0000
1.7482 -1.7964 1.0000
1.7465 -1.8142 1.0000
1.7438 -1.8346 1.0000
1.7398 -1.8573 1.0000
1.7342 -1.8822 1.0000
1.7286 -1.9084 1.0000
1.7193 -1.9328 1.0000
1.7068 -1.9547 1.0000
1.6920 -1.9740 1.0000
1.6754 -1.9908 1.0000
1.6573 -2.0052 1.0000
1.6384 -2.0173 1.0000
1.6249 -2.0314 1.0000
1.6109 -2.0452 1.0000
1.5962 -2.0585 1.0000
1.5811 -2.0713 1.0000
1.5656 -2.0836 1.0000
1.5497 -2.0953 1.0000
1.5336 -2.1064 1.0000
1.5172 -2.1168 1.0000
1.5007 -2.1264 1.0000
1.4840 -2.1353 1.0000
1.4673 -2.1432 1.0000
1.4505 -2.1502 1.0000
1.4339 -2.1564 1.0000
1.4175 -2.1616 1.0000
1.3978 -2.1702 1.0000
1.3763 -2.1753 1.0000
1.3536 -2.1771 1.0000
1.3320 -2.1773 1.0000
1.3113 -2.1759 1.0000
1.2921 -2.1735 1.0000
1.2746 -2.1704 1.0000
1.2595 -2.1669 1.0000
1.2467 -2.1633 1.0000
1.2361 -2.1600 1.0000
1.2277 -2.1571 1.0000
1.2207 -2.1545 1.0000
1.2149 -2.1522 1.0000
1.2111 -2.1507 1.0000
1.2111 -2.1507 1.0000
1.2109 -2.1507 1.0000
1.2103 -2.1507 1.0000
1.2094 -2.1507 1.0000
1.2080 -2.1507 1.0000
1.2062 -2.1506 1.0000
1.2041 -2.1506 1.0000
1.2016 -2.1506 1.0000
1.1987 -2.1506 1.0000
1.1954 -2.1505 1.0000
1.1918 -2.1505 1.0000
1.1878 -2.1504 1.0000
1.1834 -2.1503 1.0000
1.1787 -2.1501 1.0000
1.1736 -2.1500 1.0000
1.1682 -2.1497 1.0000
1.1623 -2.1495 1.0000
1.1562 -2.1492 1.0000
1.1497 -2.1488 1.0000
1.1428 -2.1483 1.0000
1.1356 -2.1478 1.0000
1.1281 -2.1472 1.0000
1.1202 -2.1465 1.0000
1.1120 -2.1457 1.0000
1.1035 -2.1449 1.0000
1.0947 -2.1439 1.0000
1.0855 -2.1427 1.0000
1.0760 -2.1415 1.0000
1.0662 -2.1401 1.0000
1.0561 -2.1386 1.0000
1.0457 -2.1369 1.0000
1.0350 -2.1350 1.0000
1.0240 -2.1330 1.0000
1.0128 -2.1308 1.0000
1.0012 -2.1284 1.0000
0.9894 -2.1258 1.0000
0.9773 -2.1229 1.0000
0.9650 -2.1199 1.0000
0.9524 -2.1166 1.0000
0.9396 -2.1131 1.0000
0.9265 -2.1093 1.0000
0.9132 -2.1053 1.0000
0.8997 -2.1009 1.0000
0.8860 -2.0963 1.0000
0.8721 -2.0914 1.0000
0.8579 -2.0862 1.0000
0.8437 -2.0807 1.0000
0.8292 -2.0749 1.0000
0.8146 -2.0687 1.0000
0.7998 -2.0622 1.0000
0.7849 -2.0553 1.0000
0.7699 -2.0480 1.0000
0.7547 -2.0404 1.0000
0.7395 -2.0325 1.0000
0.7242 -2.0241 1.0000
0.7088 -2.0153 1.0000
0.6933 -2.0062 1.0000
0.6778 -1.9966 1.0000
0.6623 -1.9866 1.0000
0.6467 -1.9761 1.0000
0.6311 -1.9653 1.0000
0.6156 -1.9540 1.0000
0.6001 -1.9423 1.0000
0.5846 -1.9301 1.0000
0.5692 -1.9175 1.0000
0.5539 -1.9044 1.0000
0.5387 -1.8908 1.0000
0.5236 -1.8768 1.0000
0.5086 -1.8623 1.0000
0.4938 -1.8474 1.0000
0.4791 -1.8320 1.0000
0.4647 -1.8161 1.0000
0.4504 -1.7997 1.0000
0.4364 -1.7829 1.0000
0.4226 -1.7656 1.0000
0.4090 -1.7479 1.0000
0.3958 -1.7296 1.0000
0.3828 -1.7110 1.0000
0.3702 -1.6918 1.0000
0.3579 -1.6723 1.0000
0.3460 -1.6522 1.0000
0.3344 -1.6318 1.0000
0.3233 -1.6108 1.0000
0.3126 -1.5895 1.0000
0.3023 -1.5678 1.0000
0.2924 -1.5456 1.0000
0.2831 -1.5231 1.0000
0.2742 -1.5001 1.0000
0.2658 -1.4768 1.0000
0.2580 -1.4532 1.0000
0.2507 -1.4291 1.0000
0.2440 -1.4048 1.0000
0.2378 -1.3801 1.0000
0.2322 -1.3551 1.0000
0.2273 -1.3299 1.0000
0.2230 -1.3043 1.0000
0.2193 -1.2785 1.0000
0.2163 -1.2525 1.0000
0.2140 -1.2263 1.0000
0.2123 -1.1998 1.0000
0.2114 -1.1732 1.0000
0.2111 -1.1464 1.0000
0.2116 -1.1195 1.0000
0.2128 -1.0925 1.0000
0.2148 -1.0654 1.0000
0.2175 -1.0382 1.0000
0.2209 -1.0110 1.0000
0.2251 -0.9838 1.0000
0.2301 -0.9566 1.0000
0.2359 -0.9294 1.0000
0.2425 -0.9023 1.0000
0.2498 -0.8752 1.0000
0.2579 -0.8483 1.0000
0.2669 -0.8215 1.0000
0.2766 -0.7948 1.0000
0.2871 -0.7684 1.0000
0.2984 -0.7422 1.0000
0.3104 -0.7162 1.0000
0.3233 -0.6905 1.0000
0.3369 -0.6650 1.0000
0.3514 -0.6400 1.0000
0.3665 -0.6152 1.0000
0.3825 -0.5909 1.0000
0.3992 -0.5669 1.0000
0.4166 -0.5434 1.0000
0.4348 -0.5203 1.0000
0.4537 -0.4978 1.0000
0.4732 -0.4757 1.0000
0.4935 -0.4542 1.0000
0.5145 -0.4332 1.0000
0.5361 -0.4129 1.0000
0.5583 -0.3931 1.0000
0.5812 -0.3740 1.0000
0.6047 -0.3555 1.0000
0.6288 -0.3377 1.0000
0.6534 -0.3206 1.0000
0.6786 -0.3042 1.0000
0.7043 -0.2886 1.0000
0.7305 -0.2737 1.0000
0.7572 -0.2596 1.0000
0.7843 -0.2463 1.0000
0.8119 -0.2338 1.0000
0.8398 -0.2222 1.0000
0.8681 -0.2113 1.0000
0.8968 -0.2014 1.0000
0.9257 -0.1922 1.0000
0.9550 -0.1840 1.0000
0.9845 -0.1767 1.0000
1.0143 -0.1702 1.0000
1.0442 -0.1647 1.0000
1.0743 -0.1601 1.0000
1.1046 -0.1564 1.0000
1.1349 -0.1536 1.0000
1.1654 -0.1517 1.0000
1.1959 -0.1508 1.0000
1.2264 -0.1508 1.0000
1.2569 -0.1517 1.0000
1.2873 -0.1536 1.0000
1.3177 -0.1564 1.0000
1.3479 -0.1601 1.0000
1.3780 -0.1647 1.0000
1.4080 -0.1702 1.0000
1.4377 -0.1767 1.0000
1.4672 -0.1840 1.0000
1.4965 -0.1922 1.0000
1.5255 -0.2014 1.0000
1.5541 -0.2113 1.0000
1.5824 -0.2222 1.0000
1.6104 -0.2338 1.0000
1.6379 -0.2463 1.0000
1.6651 -0.2596 1.0000
1.6917 -0.2737 1.0000
1.7179 -0.2886 1.0000
1.7436 -0.3042 1.0000
1.7688 -0.3206 1.0000
1.7935 -0.3377 1.0000
1.8175 -0.3555 1.0000
1.8410 -0.3740 1.0000
1.8639 -0.3931 1.0000
1.8862 -0.4129 1.0000
1.9078 -0.4332 1.0000
1.9287 -0.4542 1.0000
1.9490 -0.4757 1.0000
1.9686 -0.4978 1.0000
1.9875 -0.5204 1.0000
2.0056 -0.5434 1.0000
2.0231 -0.5669 1.0000
2.0398 -0.5909 1.0000
2.0557 -0.6152 1.0000
2.0709 -0.6400 1.0000
2.0853 -0.6650 1.0000
2.0989 -0.6905 1.0000
2.1118 -0.7162 1.0000
2.1239 -0.7422 1.0000
2.1352 -0.7684 1.0000
2.1457 -0.7948 1.0000
2.1554 -0.8215 1.0000
2.1643 -0.8483 1.0000
2.1724 -0.8752 1.0000
2.1798 -0.9023 1.0000
2.1863 -0.9294 1.0000
2.1921 -0.9566 1.0000
2.1971 -0.9838 1.0000
2.2013 -1.0110 1.0000
2.2048 -1.0382 1.0000
2.2075 -1.0654 1.0000
2.2094 -1.0925 1.0000
2.2106 -1.1195 1.0000
2.2111 -1.1464 1.0000
2.2109 -1.1732 1.0000
2.2099 -1.1998 1.0000
2.2083 -1.2263 1.0000
2.2059 -1.2525 1.0000
2.2029 -1.2785 1.0000
2.1992 -1.3043 1.0000
2.1949 -1.3299 1.0000
2.1900 -1.3551 1.0000
2.1844 -1.3801 1.0000
2.1783 -1.4048 1.0000
2.1716 -1.4292 1.0000
2.1643 -1.4532 1.0000
2.1564 -1.4768 1.0000
2.1481 -1.5001 1.0000
2.1392 -1.5231 1.0000
2.1298 -1.5456 1.0000
2.1200 -1.5678 1.0000
2.1097 -1.5895 1.0000
2.0989 -1.6108 1.0000
2.0878 -1.6318 1.0000
2.0762 -1.6522 1.0000
2.0643 -1.6723 1.0000
2.0520 -1.6918 1.0000
2.0394 -1.7110 1.0000
2.0265 -1.7297 1.0000
2.0132 -1.7479 1.0000
1.9997 -1.7656 1.0000
1.9859 -1.7829 1.0000
1.9718 -1.7997 1.0000
1.9576 -1.8161 1.0000
1.9431 -1.8320 1.0000
1.9285 -1.8474 1.0000
1.9136 -1.8623 1.0000
1.8987 -1.8768 1.0000
1.8836 -1.8908 1.0000
1.8683 -1.9044 1.0000
1.8530 -1.9175 1.0000
1.8376 -1.9301 1.0000
1.8221 -1.9423 1.0000
1.8066 -1.9540 1.0000
1.7911 -1.9653 1.0000
1.7755 -1.9761 1.0000
1.7600 -1.9866 1.0000
1.7444 -1.9966 1.0000
1.7289 -2.0062 1.0000
1.7135 -2.0153 1.0000
1.6981 -2.0241 1.0000
1.6827 -2.0325 1.0000
1.6675 -2.0404 1.0000
1.6524 -2.0480 1.0000
1.6373 -2.0553 1.0000
1.6224 -2.0622 1.0000
1.6077 -2.0687 1.0000
1.5930 -2.0749 1.0000
1.5786 -2.0807 1.0000
1.5643 -2.0862 1.0000
1.5502 -2.0914 1.0000
1.5363 -2.0963 1.0000
1.5225 -2.1009 1.0000
1.5090 -2.1053 1.0000
1.4957 -2.1093 1.0000
1.4827 -2.1131 1.0000
1.4698 -2.1166 1.0000
1.4573 -2.1199 1.0000
1.4449 -2.1229 1.0000
1.4328 -2.1258 1.0000
1.4210 -2.1284 1.0000
1.4095 -2.1308 1.0000
1.3982 -2.1330 1.0000
1.3872 -2.1350 1.0000
1.3765 -2.1369 1.0000
1.3661 -2.1386 1.0000
1.3560 -2.1401 1.0000
1.3462 -2.1415 1.0000
1.3368 -2.1427 1.0000
1.3276 -2.1439 1.0000
1.3187 -2.1449 1.0000
1.3102 -2.1457 1.0000
1.3020 -2.1465 1.0000
1.2941 -2.1472 1.0000
1.2866 -2.1478 1.0000
1.2794 -2.1483 1.0000
1.2726 -2.1488 1.0000
1.2661 -2.1492 1.0000
1.2599 -2.1495 1.0000
1.2541 -2.1497 1.0000
1.2486 -2.1500 1.0000
1.2435 -2.1501 1.0000
1.2388 -2.1503 1.0000
1.2344 -2.1504 1.0000
1.2304 -2.1505 1.0000
1.2268 -2.1505 1.0000
1.2235 -2.1506 1.0000
1.2206 -2.1506 1.0000
1.2181 -2.1506 1.0000
1.2160 -2.1506 1.0000
1.2143 -2.1507 1.0000
1.2129 -2.1507 1.0000
1.2119 -2.1507 1.0000
1.2113 -2.1507 1.0000
1.2111 -2.1507 1.0000
1.2111 -2.1507 1.0000
1.2111 -2.1507 1.0000
1.2111 -2.1507 1.0000
1.2111 -2.1507 1.0000
1.2111 -2.1507 1.0000
1.2111 -2.1507 1.0000
1.2111 -2.1507 1.0000
1.2111 -2.1507 1.0000
1.2111 -2.1507 1.0000
1.2111 -2.1507 1.0000
1.2111 -2.1507 1.0000
1.2125 -2.1585 1.0000
1.2138 -2.1664 1.0000
1.2151 -2.1746 1.0000
1.2165 -2.1834 1.0000
1.2180 -2.1930 1.0000
1.2196 -2.2029 1.0000
1.2211 -2.2126 1.0000
1.2227 -2.2219 1.0000
1.2242 -2.2309 1.0000
1.2258 -2.2396 1.0000
1.2271 -2.2472 1.0000
1.2283 -2.2536 1.0000
1.2318 -2.2738 1.0000
1.2332 -2.2821 1.0000
1.2346 -2.2904 1.0000
1.2359 -2.2984 1.0000
1.2373 -2.3058 1.0000
1.2385 -2.3122 1.0000
1.2395 -2.3179 1.0000
1.2405 -2.3227 1.0000
1.2412 -2.3261 1.0000
1.2414 -2.3270 1.0000
1.2414 -2.3270 1.0000
1.2414 -2.3270 1.0000
1.2414 -2.3270 1.0000
1.2412 -2.3270 1.0000
1.2405 -2.3270 1.0000
1.2394 -2.3270 1.0000
1.2379 -2.3270 1.0000
1.2359 -2.3270 1.0000
1.2335 -2.3270 1.0000
1.2307 -2.3269 1.0000
1.2274 -2.3269 1.0000
1.2238 -2.3269 1.0000
1.2197 -2.3268 1.0000
1.2152 -2.3267 1.0000
1.2102 -2.3266 1.0000
1.2049 -2.3264 1.0000
1.1992 -2.3262 1.0000
1.1930 -2.3260 1.0000
1.1865 -2.3257 1.0000
1.1796 -2.3254 1.0000
1.1722 -2.3250 1.0000
1.1645 -2.3245 1.0000
1.1564 -2.3239 1.0000
1.1479 -2.3233 1.0000
1.1390 -2.3225 1.0000
1.1298 -2.3217 1.0000
1.1202 -2.3207 1.0000
1.1102 -2.3197 1.0000
1.0998 -2.3184 1.0000
1.0891 -2.3171 1.0000
1.0781 -2.3156 1.0000
1.0667 -2.3139 1.0000
1.0549 -2.3121 1.0000
1.0428 -2.3101 1.0000
1.0304 -2.3079 1.0000
1.0177 -2.3055 1.0000
1.0046 -2.3029 1.0000
0.9913 -2.3001 1.0000
0.9776 -2.2970 1.0000
0.9636 -2.2937 1.0000
0.9494 -2.2902 1.0000
0.9348 -2.2863 1.0000
0.9200 -2.2822 1.0000
0.9049 -2.2778 1.0000
0.8896 -2.2732 1.0000
0.8740 -2.2682 1.0000
0.8582 -2.2628 1.0000
0.8422 -2.2572 1.0000
0.8259 -2.2512 1.0000
0.8095 -2.2448 1.0000
0.7928 -2.2381 1.0000
0.7760 -2.2310 1.0000
0.7590 -2.2235 1.0000
0.7418 -2.2156 1.0000
0.7245 -2.2074 1.0000
0.7071 -2.1987 1.0000
0.6896 -2.1895 1.0000
0.6719 -2.1800 1.0000
0.6542 -2.1699 1.0000
0.6364 -2.1595 1.0000
0.6185 -2.1485 1.0000
0.6006 -2.1371 1.0000
0.5827 -2.1253 1.0000
0.5648 -2.1129 1.0000
0.5468 -2.1001 1.0000
0.5290 -2.0867 1.0000
0.5111 -2.0729 1.0000
0.4933 -2.0585 1.0000
0.4756 -2.0436 1.0000
0.4580 -2.0282 1.0000
0.4405 -2.0123 1.0000
0.4232 -1.9958 1.0000
0.4060 -1.9789 1.0000
0.3890 -1.9614 1.0000
0.3722 -1.9433 1.0000
0.3557 -1.9248 1.0000
0.3393 -1.9057 1.0000
0.3233 -1.8860 1.0000
0.3075 -1.8659 1.0000
0.2920 -1.8452 1.0000
0.2768 -1.8240 1.0000
0.2620 -1.8022 1.0000
0.2476 -1.7800 1.0000
0.2335 -1.7572 1.0000
0.2199 -1.7340 1.0000
0.2067 -1.7102 1.0000
0.1939 -1.6860 1.0000
0.1817 -1.6613 1.0000
0.1699 -1.6361 1.0000
0.1586 -1.6104 1.0000
0.1479 -1.5843 1.0000
0.1378 -1.5578 1.0000
0.1282 -1.5308 1.0000
0.1192 -1.5034 1.0000
0.1108 -1.4756 1.0000
0.1031 -1.4475 1.0000
0.0961 -1.4190 1.0000
0.0897 -1.3901 1.0000
0.0840 -1.3609 1.0000
0.0790 -1.3314 1.0000
0.0748 -1.3016 1.0000
0.0713 -1.2716 1.0000
0.0686 -1.2412 1.0000
0.0666 -1.2107 1.0000
0.0654 -1.1800 1.0000
0.0651 -1.1490 1.0000
0.0655 -1.1180 1.0000
0.0668 -1.0868 1.0000
0.0689 -1.0554 1.0000
0.0719 -1.0240 1.0000
0.0757 -0.9926 1.0000
0.0804 -0.9611 1.0000
0.0860 -0.9296 1.0000
0.0925 -0.8982 1.0000
0.0998 -0.8668 1.0000
0.1081 -0.8354 1.0000
0.1172 -0.8043 1.0000
0.1273 -0.7732 1.0000
0.1382 -0.7423 1.0000
0.1501 -0.7116 1.0000
0.1628 -0.6812 1.0000
0.1765 -0.6510 1.0000
0.1910 -0.6211 1.0000
0.2064 -0.5916 1.0000
0.2227 -0.5624 1.0000
0.2399 -0.5335 1.0000
0.2580 -0.5051 1.0000
0.2769 -0.4772 1.0000
0.2967 -0.4497 1.0000
0.3173 -0.4227 1.0000
0.3388 -0.3963 1.0000
0.3611 -0.3704 1.0000
0.3841 -0.3451 1.0000
0.4080 -0.3205 1.0000
0.4326 -0.2965 1.0000
0.4580 -0.2732 1.0000
0.4841 -0.2505 1.0000
0.5109 -0.2287 1.0000
0.5384 -0.2075 1.0000
0.5665 -0.1872 1.0000
0.5953 -0.1676 1.0000
0.6248 -0.1489 1.0000
0.6548 -0.1310 1.0000
0.6853 -0.1140 1.0000
0.7165 -0.0979 1.0000
0.7481 -0.0828 1.0000
0.7802 -0.0685 1.0000
0.8128 -0.0552 1.0000
0.8458 -0.0429 1.0000
0.8791 -0.0315 1.0000
0.9129 -0.0211 1.0000
0.9469 -0.0118 1.0000
0.9813 -0.0034 1.0000
1.0159 0.0039 1.0000
1.0508 0.0101 1.0000
1.0858 0.0153 1.0000
1.1210 0.0195 1.0000
1.1564 0.0226 1.0000
1.1918 0.0246 1.0000
1.2273 0.0256 1.0000
1.2628 0.0255 1.0000
1.2983 0.0243 1.0000
1.3337 0.0220 1.0000
1.3690 0.0187 1.0000
1.4043 0.0143 1.0000
1.4394 0.0089 1.0000
1.4743 0.0024 1.0000
1.5089 -0.0052 1.0000
1.5433 -0.0137 1.0000
1.5775 -0.0234 1.0000
1.6113 -0.0340 1.0000
1.6447 -0.0456 1.0000
1.6778 -0.0583 1.0000
1.7104 -0.0719 1.0000
1.7426 -0.0864 1.0000
1.7743 -0.1019 1.0000
1.8055 -0.1184 1.0000
1.8361 -0.1357 1.0000
1.8662 -0.1540 1.0000
1.8957 -0.1731 1.0000
1.9245 -0.1930 1.0000
1.9528 -0.2138 1.0000
1.9803 -0.2354 1.0000
2.0072 -0.2577 1.0000
2.0333 -0.2808 1.0000
2.0587 -0.3046 1.0000
2.0833 -0.3291 1.0000
2.1072 -0.3543 1.0000
2.1302 -0.3801 1.0000
2.1524 -0.4065 1.0000
2.1739 -0.4335 1.0000
2.1944 -0.4611 1.0000
2.2141 -0.4892 1.0000
2.2329 -0.5177 1.0000
2.2509 -0.5468 1.0000
2.2679 -0.5762 1.0000
2.2841 -0.6061 1.0000
2.2993 -0.6363 1.0000
2.3137 -0.6669 1.0000
2.3271 -0.6978 1.0000
2.3395 -0.7290 1.0000
2.3511 -0.7604 1.0000
2.3617 -0.7920 1.0000
2.3714 -0.8238 1.0000
2.3802 -0.8557 1.0000
2.3880 -0.8878 1.0000
2.3949 -0.9199 1.0000
2.4009 -0.9521 1.0000
2.4059 -0.9844 1.0000
2.4101 -1.0166 1.0000
2.4133 -1.0488 1.0000
2.4157 -1.0810 1.0000
2.4171 -1.1131 1.0000
2.4177 -1.1450 1.0000
2.4174 -1.1769 1.0000
2.4163 -1.2085 1.0000
2.4143 -1.2400 1.0000
2.4115 -1.2713 1.0000
2.4079 -1.3023 1.0000
2.4035 -1.3331 1.0000
2.3983 -1.3636 1.0000
2.3923 -1.3937 1.0000
2.3856 -1.4236 1.0000
2.3782 -1.4531 1.0000
2.3700 -1.4823 1.0000
2.3612 -1.5110 1.0000
2.3517 -1.5394 1.0000
2.3415 -1.5673 1.0000
2.3307 -1.5948 1.0000
2.3192 -1.6219 1.0000
2.3072 -1.6485 1.0000
2.2946 -1.6746 1.0000
2.2815 -1.7002 1.0000
2.2678 -1.7254 1.0000
2.2536 -1.7500 1.0000
2.2389 -1.7741 1.0000
2.2238 -1.7977 1.0000
2.2082 -1.8207 1.0000
2.1922 -1.8432 1.0000
2.1758 -1.8652 1.0000
2.1591 -1.8866 1.0000
2.1420 -1.9074 1.0000
2.1245 -1.9277 1.0000
2.1068 -1.9474 1.0000
2.0888 -1.9666 1.0000
2.0705 -1.9852 1.0000
2.0520 -2.0032 1.0000
2.0332 -2.0206 1.0000
2.0143 -2.0375 1.0000
1.9951 -2.0538 1.0000
1.9759 -2.0695 1.0000
1.9564 -2.0847 1.0000
1.9369 -2.0993 1.0000
1.9173 -2.1134 1.0000
1.8976 -2.1270 1.0000
1.8778 -2.1399 1.0000
1.8581 -2.1524 1.0000
1.8382 -2.1643 1.0000
1.8184 -2.1757 1.0000
1.7986 -2.1866 1.0000
1.7789 -2.1970 1.0000
1.7592 -2.2069 1.0000
1.7395 -2.2163 1.0000
1.7200 -2.2252 1.0000
1.7005 -2.2337 1.0000
1.6812 -2.2417 1.0000
1.6619 -2.2493 1.0000
1.6429 -2.2564 1.0000
1.6239 -2.2631 1.0000
1.6052 -2.2693 1.0000
1.5866 -2.2752 1.0000
1.5682 -2.2807 1.0000
1.5500 -2.2858 1.0000
1.5321 -2.2905 1.0000
1.5143 -2.2949 1.0000
1.4968 -2.2989 1.0000
1.4796 -2.3026 1.0000
1.4626 -2.3060 1.0000
1.4459 -2.3091 1.0000
1.4294 -2.3119 1.0000
1.4133 -2.3144 1.0000
1.3974 -2.3166 1.0000
1.3818 -2.3186 1.0000
1.3665 -2.3203 1.0000
1.3516 -2.3218 1.0000
1.3369 -2.3231 1.0000
1.3226 -2.3242 1.0000
1.3086 -2.3251 1.0000
1.2950 -2.3258 1.0000
1.2817 -2.3263 1.0000
1.2687 -2.3267 1.0000
1.2561 -2.3269 1.0000
1.2439 -2.3270 1.0000
1.2320 -2.3270 1.0000
1.2205 -2.3268 1.0000
1.2093 -2.3266 1.0000
1.1985 -2.3262 1.0000
1.1881 -2.3258 1.0000
1.1781 -2.3253 1.0000
1.1685 -2.3247 1.0000
1.1592 -2.3241 1.0000
1.1503 -2.3235 1.0000
1.1418 -2.3228 1.0000
1.1337 -2.3221 1.0000
1.1260 -2.3213 1.0000
1.1187 -2.3206 1.0000
1.1118 -2.3198 1.0000
1.1053 -2.3191 1.0000
1.0992 -2.3184 1.0000
1.0935 -2.3177 1.0000
1.0882 -2.3170 1.0000
1.0833 -2.3163 1.0000
1.0789 -2.3157 1.0000
1.0748 -2.3151 1.0000
1.0712 -2.3146 1.0000
1.0680 -2.3141 1.0000
1.0652 -2.3137 1.0000
1.0628 -2.3134 1.0000
1.0609 -2.3131 1.0000
1.0593 -2.3128 1.0000
1.0583 -2.3126 1.0000
1.0576 -2.3125 1.0000
1.0574 -2.3125 1.0000
1.0574 -2.3125 1.0000
1.0574 -2.3125 1.0000
1.0574 -2.3125 1.0000
1.0574 -2.3125 1.0000
1.0574 -2.3125 1.0000
1.0574 -2.3125 1.0000
1.0574 -2.3125 1.0000
1.0574 -2.3125 1.0000
1.0574 -2.3125 1.0000
1.0574 -2.3125 1.0000
1.0574 -2.3125 1.0000
1.0574 -2.3125 1.0000
1.0574 -2.3125 1.0000
1.0574 -2.3125 1.0000
1.0574 -2.3125 1.0000
1.0574 -2.3125 1.0000
1.0574 -2.3125 1.0000
1.0574 -2.3125 1.0000
1.0574 -2.3125 1.0000
1.0574 -2.3125 1.0000
1.0574 -2.3125 1.0000
1.0574 -2.3125 1.0000
1.0574 -2.3125 1.0000
1.0574 -2.3125 1.0000
1.0574 -2.3125 1.0000
1.0574 -2.3125 1.0000
1.0574 -2.3125 1.0000
1.0574 -2.3125 1.0000
1.0574 -2.3125 1.0000
