0.7500 -0.7500 1.0000
0.7550 -0.7450 1.0000
0.7500 -0.7416 1.0000
0.7502 -0.7308 1.0000
0.7507 -0.7172 1.0000
0.7516 -0.7008 1.0000
0.7535 -0.6816 1.0000
0.7565 -0.6597 1.0000
0.7611 -0.6355 1.0000
0.7675 -0.6096 1.0000
0.7731 -0.5839 1.0000
0.7789 -0.5591 1.0000
0.7874 -0.5352 1.0000
0.7982 -0.5127 1.0000
0.8108 -0.4916 1.0000
0.8249 -0.4718 1.0000
0.8401 -0.4535 1.0000
0.8510 -0.4350 1.0000
0.8626 -0.4166 1.0000
0.8747 -0.3984 1.0000
0.8873 -0.3804 1.0000
0.9003 -0.3628 1.0000
0.9136 -0.3455 1.0000
0.9272 -0.3289 1.0000
0.9411 -0.3128 1.0000
0.9550 -0.2973 1.0000
0.9692 -0.2826 1.0000
0.9834 -0.2688 1.0000
0.9977 -0.2557 1.0000
1.0117 -0.2437 1.0000
1.0254 -0.2326 1.0000
1.0408 -0.2179 1.0000
1.0565 -0.2054 1.0000
1.0759 -0.1941 1.0000
1.0950 -0.1846 1.0000
1.1137 -0.1766 1.0000
1.1315 -0.1700 1.0000
1.1479 -0.1646 1.0000
1.1625 -0.1604 1.0000
1.1751 -0.1573 1.0000
1.1856 -0.1551 1.0000
1.1942 -0.1534 1.0000
1.2013 -0.1522 1.0000
1.2074 -0.1512 1.0000
1.2111 -0.1507 1.0000
1.2161 -0.1457 1.0000
1.2113 -0.1507 1.0000
1.2119 -0.1507 1.0000
1.2129 -0.1507 1.0000
1.2143 -0.1507 1.0000
1.2160 -0.1507 1.0000
1.2181 -0.1507 1.0000
1.2206 -0.1507 1.0000
1.2235 -0.1507 1.0000
1.2268 -0.1508 1.0000
1.2304 -0.1508 1.0000
1.2344 -0.1509 1.0000
1.2388 -0.1510 1.0000
1.2435 -0.1512 1.0000
1.2486 -0.1514 1.0000
1.2541 -0.1516 1.0000
1.2599 -0.1519 1.0000
1.2661 -0.1522 1.0000
1.2726 -0.1526 1.0000
1.2794 -0.1530 1.0000
1.2866 -0.1535 1.0000
1.2941 -0.1541 1.0000
1.3020 -0.1548 1.0000
1.3102 -0.1556 1.0000
1.3187 -0.1565 1.0000
1.3276 -0.1575 1.0000
1.3368 -0.1586 1.0000
1.3462 -0.1598 1.0000
1.3560 -0.1612 1.0000
1.3661 -0.1627 1.0000
1.3765 -0.1644 1.0000
1.3872 -0.1663 1.0000
1.3982 -0.1683 1.0000
1.4095 -0.1705 1.0000
1.4210 -0.1729 1.0000
1.4328 -0.1755 1.0000
1.4449 -0.1784 1.0000
1.4573 -0.1814 1.0000
1.4698 -0.1847 1.0000
1.4827 -0.1882 1.0000
1.4957 -0.1920 1.0000
1.5090 -0.1961 1.0000
1.5225 -0.2004 1.0000
1.5363 -0.2050 1.0000
1.5502 -0.2099 1.0000
1.5643 -0.2151 1.0000
1.5786 -0.2206 1.0000
1.5930 -0.2265 1.0000
1.6077 -0.2326 1.0000
1.6224 -0.2392 1.0000
1.6373 -0.2460 1.0000
1.6524 -0.2533 1.0000
1.6675 -0.2609 1.0000
1.6827 -0.2689 1.0000
1.6981 -0.2772 1.0000
1.7135 -0.2860 1.0000
1.7289 -0.2952 1.0000
1.7444 -0.3048 1.0000
1.7600 -0.3148 1.0000
1.7755 -0.3252 1.0000
1.7911 -0.3360 1.0000
1.8066 -0.3473 1.0000
1.8221 -0.3591 1.0000
1.8376 -0.3712 1.0000
1.8530 -0.3839 1.0000
1.8683 -0.3970 1.0000
1.8836 -0.4105 1.0000
1.8987 -0.4245 1.0000
1.9136 -0.4390 1.0000
1.9285 -0.4539 1.0000
1.9431 -0.4694 1.0000
1.9576 -0.4852 1.0000
1.9718 -0.5016 1.0000
1.9859 -0.5184 1.0000
1.9997 -0.5357 1.0000
2.0132 -0.5535 1.0000
2.0265 -0.5717 1.0000
2.0394 -0.5904 1.0000
2.0520 -0.6095 1.0000
2.0643 -0.6291 1.0000
2.0762 -0.6491 1.0000
2.0878 -0.6696 1.0000
2.0989 -0.6905 1.0000
2.1097 -0.7118 1.0000
2.1200 -0.7335 1.0000
2.1298 -0.7557 1.0000
2.1392 -0.7782 1.0000
2.1481 -0.8012 1.0000
2.1564 -0.8245 1.0000
2.1643 -0.8482 1.0000
2.1716 -0.8722 1.0000
2.1783 -0.8965 1.0000
2.1844 -0.9212 1.0000
2.1900 -0.9462 1.0000
2.1949 -0.9714 1.0000
2.1992 -0.9970 1.0000
2.2029 -1.0228 1.0000
2.2059 -1.0488 1.0000
2.2083 -1.0750 1.0000
2.2099 -1.1015 1.0000
2.2109 -1.1281 1.0000
2.2111 -1.1549 1.0000
2.2106 -1.1818 1.0000
2.2094 -1.2088 1.0000
2.2075 -1.2359 1.0000
2.2048 -1.2631 1.0000
2.2013 -1.2903 1.0000
2.1971 -1.3175 1.0000
2.1921 -1.3448 1.0000
2.1863 -1.3719 1.0000
2.1798 -1.3991 1.0000
2.1724 -1.4261 1.0000
2.1643 -1.4531 1.0000
2.1554 -1.4799 1.0000
2.1457 -1.5065 1.0000
2.1352 -1.5329 1.0000
2.1239 -1.5592 1.0000
2.1118 -1.5852 1.0000
2.0989 -1.6109 1.0000
2.0853 -1.6363 1.0000
2.0709 -1.6614 1.0000
2.0557 -1.6861 1.0000
2.0398 -1.7105 1.0000
2.0231 -1.7344 1.0000
2.0056 -1.7579 1.0000
1.9875 -1.7810 1.0000
1.9686 -1.8035 1.0000
1.9490 -1.8256 1.0000
1.9287 -1.8471 1.0000
1.9078 -1.8681 1.0000
1.8862 -1.8884 1.0000
1.8639 -1.9082 1.0000
1.8410 -1.9273 1.0000
1.8175 -1.9458 1.0000
1.7935 -1.9636 1.0000
1.7688 -1.9807 1.0000
1.7436 -1.9971 1.0000
1.7179 -2.0127 1.0000
1.6917 -2.0276 1.0000
1.6651 -2.0417 1.0000
1.6379 -2.0550 1.0000
1.6104 -2.0675 1.0000
1.5824 -2.0792 1.0000
1.5541 -2.0900 1.0000
1.5255 -2.1000 1.0000
1.4965 -2.1091 1.0000
1.4672 -2.1173 1.0000
1.4377 -2.1247 1.0000
1.4080 -2.1311 1.0000
1.3780 -2.1366 1.0000
1.3479 -2.1413 1.0000
1.3177 -2.1450 1.0000
1.2873 -2.1478 1.0000
1.2569 -2.1496 1.0000
1.2264 -2.1505 1.0000
1.1959 -2.1505 1.0000
1.1654 -2.1496 1.0000
1.1349 -2.1478 1.0000
1.1046 -2.1450 1.0000
1.0743 -2.1413 1.0000
1.0442 -2.1366 1.0000
1.0143 -2.1311 1.0000
0.9845 -2.1247 1.0000
0.9550 -2.1173 1.0000
0.9257 -2.1091 1.0000
0.8968 -2.1000 1.0000
0.8681 -2.0900 1.0000
0.8398 -2.0792 1.0000
0.8119 -2.0675 1.0000
0.7843 -2.0550 1.0000
0.7572 -2.0417 1.0000
0.7305 -2.0276 1.0000
0.7043 -2.0127 1.0000
0.6786 -1.9971 1.0000
0.6534 -1.9807 1.0000
0.6288 -1.9636 1.0000
0.6047 -1.9458 1.0000
0.5812 -1.9273 1.0000
0.5583 -1.9082 1.0000
0.5361 -1.8884 1.0000
0.5145 -1.8681 1.0000
0.4935 -1.8471 1.0000
0.4732 -1.8256 1.0000
0.4537 -1.8035 1.0000
0.4348 -1.7810 1.0000
0.4166 -1.7579 1.0000
0.3992 -1.7344 1.0000
0.3825 -1.7105 1.0000
0.3665 -1.6861 1.0000
0.3514 -1.6614 1.0000
0.3369 -1.6363 1.0000
0.3233 -1.6109 1.0000
0.3104 -1.5852 1.0000
0.2984 -1.5592 1.0000
0.2871 -1.5329 1.0000
0.2766 -1.5065 1.0000
0.2669 -1.4799 1.0000
0.2579 -1.4531 1.0000
0.2498 -1.4261 1.0000
0.2425 -1.3991 1.0000
0.2359 -1.3719 1.0000
0.2301 -1.3448 1.0000
0.2251 -1.3175 1.0000
0.2209 -1.2903 1.0000
0.2175 -1.2631 1.0000
0.2148 -1.2359 1.0000
0.2128 -1.2088 1.0000
0.2116 -1.1818 1.0000
0.2111 -1.1549 1.0000
0.2114 -1.1281 1.0000
0.2123 -1.1015 1.0000
0.2140 -1.0750 1.0000
0.2163 -1.0488 1.0000
0.2193 -1.0228 1.0000
0.2230 -0.9970 1.0000
0.2273 -0.9714 1.0000
0.2322 -0.9462 1.0000
0.2378 -0.9212 1.0000
0.2440 -0.8965 1.0000
0.2507 -0.8722 1.0000
0.2580 -0.8482 1.0000
0.2658 -0.8245 1.0000
0.2742 -0.8012 1.0000
0.2831 -0.7782 1.0000
0.2924 -0.7557 1.0000
0.3023 -0.7335 1.0000
0.3126 -0.7118 1.0000
0.3233 -0.6905 1.0000
0.3344 -0.6696 1.0000
0.3460 -0.6491 1.0000
0.3579 -0.6291 1.0000
0.3702 -0.6095 1.0000
0.3828 -0.5903 1.0000
0.3958 -0.5717 1.0000
0.4090 -0.5535 1.0000
0.4226 -0.5357 1.0000
0.4364 -0.5184 1.0000
0.4504 -0.5016 1.0000
0.4647 -0.4852 1.0000
0.4791 -0.4694 1.0000
0.4938 -0.4539 1.0000
0.5086 -0.4390 1.0000
0.5236 -0.4245 1.0000
0.5387 -0.4105 1.0000
0.5539 -0.3970 1.0000
0.5692 -0.3839 1.0000
0.5846 -0.3712 1.0000
0.6001 -0.3591 1.0000
0.6156 -0.3473 1.0000
0.6311 -0.3360 1.0000
0.6467 -0.3252 1.0000
0.6623 -0.3148 1.0000
0.6778 -0.3048 1.0000
0.6933 -0.2952 1.0000
0.7088 -0.2860 1.0000
0.7242 -0.2772 1.0000
0.7395 -0.2689 1.0000
0.7547 -0.2609 1.0000
0.7699 -0.2533 1.0000
0.7849 -0.2460 1.0000
0.7998 -0.2392 1.0000
0.8146 -0.2326 1.0000
0.8292 -0.2265 1.0000
0.8437 -0.2206 1.0000
0.8580 -0.2151 1.0000
0.8721 -0.2099 1.0000
0.8860 -0.2050 1.0000
0.8997 -0.2004 1.0000
0.9132 -0.1961 1.0000
0.9265 -0.1920 1.0000
0.9396 -0.1882 1.0000
0.9524 -0.1847 1.0000
0.9650 -0.1814 1.0000
0.9773 -0.1784 1.0000
0.9894 -0.1755 1.0000
1.0012 -0.1729 1.0000
1.0128 -0.1705 1.0000
1.0240 -0.1683 1.0000
1.0350 -0.1663 1.0000
1.0457 -0.1644 1.0000
1.0561 -0.1627 1.0000
1.0662 -0.1612 1.0000
1.0760 -0.1598 1.0000
1.0855 -0.1586 1.0000
1.0947 -0.1575 1.0000
1.1035 -0.1565 1.0000
1.1120 -0.1556 1.0000
1.1202 -0.1548 1.0000
1.1281 -0.1541 1.0000
1.1356 -0.1535 1.0000
1.1428 -0.1530 1.0000
1.1497 -0.1526 1.0000
1.1562 -0.1522 1.0000
1.1623 -0.1519 1.0000
1.1682 -0.1516 1.0000
1.1736 -0.1514 1.0000
1.1787 -0.1512 1.0000
1.1834 -0.1510 1.0000
1.1878 -0.1509 1.0000
1.1918 -0.1508 1.0000
1.1954 -0.1508 1.0000
1.1987 -0.1507 1.0000
1.2016 -0.1507 1.0000
1.2041 -0.1507 1.0000
1.2062 -0.1507 1.0000
1.2080 -0.1507 1.0000
1.2094 -0.1507 1.0000
1.2103 -0.1507 1.0000
1.2109 -0.1507 1.0000
1.2111 -0.1507 1.0000
1.2161 -0.1457 1.0000
1.2111 -0.1507 1.0000
1.2161 -0.1457 1.0000
1.2111 -0.1507 1.0000
1.2161 -0.1457 1.0000
1.2111 -0.1507 1.0000
1.2161 -0.1457 1.0000
1.2111 -0.1507 1.0000
1.2161 -0.1457 1.0000
1.2111 -0.1507 1.0000
1.2161 -0.1457 1.0000
1.2117 -0.1589 1.0000
1.2125 -0.1692 1.0000
1.2134 -0.1821 1.0000
1.2145 -0.1975 1.0000
1.2158 -0.2155 1.0000
1.2173 -0.2360 1.0000
1.2189 -0.2583 1.0000
1.2206 -0.2809 1.0000
1.2221 -0.3024 1.0000
1.2235 -0.3220 1.0000
1.2248 -0.3400 1.0000
1.2260 -0.3564 1.0000
1.2296 -0.4046 1.0000
1.2310 -0.4237 1.0000
1.2324 -0.4437 1.0000
1.2339 -0.4639 1.0000
1.2353 -0.4836 1.0000
1.2367 -0.5016 1.0000
1.2378 -0.5168 1.0000
1.2387 -0.5289 1.0000
1.2395 -0.5385 1.0000
1.2402 -0.5471 1.0000
1.2408 -0.5546 1.0000
1.2414 -0.5625 1.0000
1.2464 -0.5575 1.0000
1.2415 -0.5625 1.0000
1.2418 -0.5625 1.0000
1.2424 -0.5625 1.0000
1.2432 -0.5625 1.0000
1.2441 -0.5625 1.0000
1.2453 -0.5625 1.0000
1.2468 -0.5625 1.0000
1.2484 -0.5625 1.0000
1.2502 -0.5626 1.0000
1.2523 -0.5626 1.0000
1.2545 -0.5626 1.0000
1.2570 -0.5627 1.0000
1.2596 -0.5628 1.0000
1.2625 -0.5629 1.0000
1.2656 -0.5630 1.0000
1.2689 -0.5631 1.0000
1.2723 -0.5633 1.0000
1.2760 -0.5635 1.0000
1.2798 -0.5638 1.0000
1.2839 -0.5640 1.0000
1.2881 -0.5644 1.0000
1.2926 -0.5647 1.0000
1.2972 -0.5651 1.0000
1.3020 -0.5656 1.0000
1.3070 -0.5662 1.0000
1.3122 -0.5668 1.0000
1.3175 -0.5674 1.0000
1.3231 -0.5682 1.0000
1.3288 -0.5690 1.0000
1.3346 -0.5699 1.0000
1.3407 -0.5709 1.0000
1.3469 -0.5720 1.0000
1.3533 -0.5732 1.0000
1.3598 -0.5745 1.0000
1.3665 -0.5759 1.0000
1.3733 -0.5775 1.0000
1.3803 -0.5791 1.0000
1.3874 -0.5809 1.0000
1.3947 -0.5828 1.0000
1.4021 -0.5849 1.0000
1.4096 -0.5871 1.0000
1.4173 -0.5894 1.0000
1.4251 -0.5919 1.0000
1.4330 -0.5946 1.0000
1.4410 -0.5974 1.0000
1.4491 -0.6004 1.0000
1.4574 -0.6036 1.0000
1.4657 -0.6069 1.0000
1.4741 -0.6105 1.0000
1.4826 -0.6142 1.0000
1.4912 -0.6182 1.0000
1.4998 -0.6223 1.0000
1.5085 -0.6267 1.0000
1.5173 -0.6312 1.0000
1.5261 -0.6360 1.0000
1.5350 -0.6410 1.0000
1.5439 -0.6463 1.0000
1.5528 -0.6517 1.0000
1.5618 -0.6574 1.0000
1.5708 -0.6634 1.0000
1.5797 -0.6695 1.0000
1.5887 -0.6760 1.0000
1.5976 -0.6826 1.0000
1.6065 -0.6896 1.0000
1.6154 -0.6967 1.0000
1.6243 -0.7042 1.0000
1.6331 -0.7119 1.0000
1.6418 -0.7198 1.0000
1.6505 -0.7281 1.0000
1.6591 -0.7366 1.0000
1.6676 -0.7453 1.0000
1.6760 -0.7543 1.0000
1.6843 -0.7636 1.0000
1.6924 -0.7732 1.0000
1.7005 -0.7830 1.0000
1.7084 -0.7931 1.0000
1.7161 -0.8034 1.0000
1.7237 -0.8140 1.0000
1.7311 -0.8249 1.0000
1.7383 -0.8360 1.0000
1.7453 -0.8474 1.0000
1.7522 -0.8590 1.0000
1.7588 -0.8709 1.0000
1.7651 -0.8830 1.0000
1.7713 -0.8954 1.0000
1.7772 -0.9080 1.0000
1.7828 -0.9208 1.0000
1.7881 -0.9338 1.0000
1.7932 -0.9471 1.0000
1.7980 -0.9606 1.0000
1.8025 -0.9743 1.0000
1.8067 -0.9882 1.0000
1.8105 -1.0023 1.0000
1.8141 -1.0165 1.0000
1.8173 -1.0309 1.0000
1.8201 -1.0455 1.0000
1.8226 -1.0603 1.0000
1.8247 -1.0752 1.0000
1.8265 -1.0902 1.0000
1.8278 -1.1054 1.0000
1.8288 -1.1206 1.0000
1.8294 -1.1360 1.0000
1.8296 -1.1515 1.0000
1.8293 -1.1670 1.0000
1.8287 -1.1826 1.0000
1.8276 -1.1983 1.0000
1.8261 -1.2140 1.0000
1.8242 -1.2297 1.0000
1.8219 -1.2454 1.0000
1.8191 -1.2612 1.0000
1.8159 -1.2769 1.0000
1.8122 -1.2926 1.0000
1.8081 -1.3083 1.0000
1.8035 -1.3239 1.0000
1.7985 -1.3394 1.0000
1.7930 -1.3548 1.0000
1.7871 -1.3702 1.0000
1.7807 -1.3854 1.0000
1.7739 -1.4005 1.0000
1.7666 -1.4154 1.0000
1.7589 -1.4302 1.0000
1.7507 -1.4448 1.0000
1.7421 -1.4592 1.0000
1.7331 -1.4734 1.0000
1.7236 -1.4874 1.0000
1.7137 -1.5011 1.0000
1.7034 -1.5146 1.0000
1.6927 -1.5278 1.0000
1.6816 -1.5408 1.0000
1.6700 -1.5534 1.0000
1.6581 -1.5657 1.0000
1.6458 -1.5777 1.0000
1.6331 -1.5894 1.0000
1.6201 -1.6007 1.0000
1.6067 -1.6117 1.0000
1.5929 -1.6222 1.0000
1.5788 -1.6324 1.0000
1.5644 -1.6422 1.0000
1.5497 -1.6515 1.0000
1.5347 -1.6605 1.0000
1.5194 -1.6690 1.0000
1.5039 -1.6770 1.0000
1.4881 -1.6846 1.0000
1.4720 -1.6917 1.0000
1.4557 -1.6984 1.0000
1.4392 -1.7046 1.0000
1.4225 -1.7102 1.0000
1.4057 -1.7154 1.0000
1.3886 -1.7201 1.0000
1.3714 -1.7243 1.0000
1.3541 -1.7279 1.0000
1.3367 -1.7311 1.0000
1.3192 -1.7337 1.0000
1.3016 -1.7357 1.0000
1.2839 -1.7373 1.0000
1.2662 -1.7383 1.0000
1.2485 -1.7388 1.0000
1.2307 -1.7387 1.0000
1.2130 -1.7381 1.0000
1.1953 -1.7370 1.0000
1.1776 -1.7354 1.0000
1.1600 -1.7332 1.0000
1.1424 -1.7304 1.0000
1.1250 -1.7272 1.0000
1.1076 -1.7234 1.0000
1.0904 -1.7191 1.0000
1.0734 -1.7143 1.0000
1.0565 -1.7090 1.0000
1.0397 -1.7032 1.0000
1.0232 -1.6969 1.0000
1.0069 -1.6901 1.0000
0.9908 -1.6828 1.0000
0.9750 -1.6750 1.0000
0.9594 -1.6668 1.0000
0.9440 -1.6581 1.0000
0.9290 -1.6490 1.0000
0.9143 -1.6395 1.0000
0.8998 -1.6295 1.0000
0.8857 -1.6191 1.0000
0.8719 -1.6083 1.0000
0.8585 -1.5971 1.0000
0.8455 -1.5856 1.0000
0.8328 -1.5737 1.0000
0.8204 -1.5614 1.0000
0.8085 -1.5489 1.0000
0.7970 -1.5359 1.0000
0.7859 -1.5227 1.0000
0.7752 -1.5092 1.0000
0.7649 -1.4954 1.0000
0.7550 -1.4814 1.0000
0.7456 -1.4671 1.0000
0.7367 -1.4526 1.0000
0.7281 -1.4379 1.0000
0.7200 -1.4229 1.0000
0.7124 -1.4078 1.0000
0.7053 -1.3925 1.0000
0.6986 -1.3771 1.0000
0.6923 -1.3615 1.0000
0.6866 -1.3458 1.0000
0.6812 -1.3300 1.0000
0.6764 -1.3141 1.0000
0.6720 -1.2981 1.0000
0.6681 -1.2821 1.0000
0.6647 -1.2660 1.0000
0.6617 -1.2499 1.0000
0.6591 -1.2338 1.0000
0.6571 -1.2177 1.0000
0.6554 -1.2016 1.0000
0.6543 -1.1855 1.0000
0.6535 -1.1695 1.0000
0.6532 -1.1535 1.0000
0.6534 -1.1376 1.0000
0.6539 -1.1217 1.0000
0.6549 -1.1060 1.0000
0.6563 -1.0903 1.0000
0.6581 -1.0748 1.0000
0.6603 -1.0594 1.0000
0.6629 -1.0442 1.0000
0.6659 -1.0291 1.0000
0.6693 -1.0142 1.0000
0.6730 -0.9994 1.0000
0.6771 -0.9849 1.0000
0.6815 -0.9705 1.0000
0.6863 -0.9563 1.0000
0.6914 -0.9423 1.0000
0.6968 -0.9286 1.0000
0.7025 -0.9150 1.0000
0.7085 -0.9017 1.0000
0.7148 -0.8887 1.0000
0.7214 -0.8759 1.0000
0.7282 -0.8633 1.0000
0.7353 -0.8510 1.0000
0.7426 -0.8389 1.0000
0.7502 -0.8271 1.0000
0.7580 -0.8156 1.0000
0.7660 -0.8044 1.0000
0.7742 -0.7934 1.0000
0.7826 -0.7827 1.0000
0.7911 -0.7723 1.0000
0.7998 -0.7621 1.0000
0.8087 -0.7523 1.0000
0.8177 -0.7427 1.0000
0.8269 -0.7334 1.0000
0.8361 -0.7244 1.0000
0.8455 -0.7157 1.0000
0.8550 -0.7073 1.0000
0.8645 -0.6991 1.0000
0.8742 -0.6912 1.0000
0.8839 -0.6836 1.0000
0.8936 -0.6763 1.0000
0.9034 -0.6693 1.0000
0.9133 -0.6625 1.0000
0.9232 -0.6560 1.0000
0.9331 -0.6498 1.0000
0.9430 -0.6438 1.0000
0.9529 -0.6381 1.0000
0.9628 -0.6327 1.0000
0.9727 -0.6275 1.0000
0.9825 -0.6225 1.0000
0.9923 -0.6178 1.0000
1.0021 -0.6134 1.0000
1.0118 -0.6091 1.0000
1.0215 -0.6051 1.0000
1.0311 -0.6014 1.0000
1.0407 -0.5978 1.0000
1.0501 -0.5945 1.0000
1.0595 -0.5913 1.0000
1.0688 -0.5884 1.0000
1.0780 -0.5857 1.0000
1.0871 -0.5831 1.0000
1.0961 -0.5807 1.0000
1.1049 -0.5785 1.0000
1.1137 -0.5765 1.0000
1.1223 -0.5747 1.0000
1.1308 -0.5730 1.0000
1.1392 -0.5714 1.0000
1.1474 -0.5701 1.0000
1.1555 -0.5688 1.0000
1.1634 -0.5677 1.0000
1.1712 -0.5667 1.0000
1.1788 -0.5658 1.0000
1.1863 -0.5651 1.0000
1.1936 -0.5644 1.0000
1.2008 -0.5639 1.0000
1.2078 -0.5635 1.0000
1.2146 -0.5631 1.0000
1.2212 -0.5628 1.0000
1.2277 -0.5627 1.0000
1.2340 -0.5625 1.0000
1.2402 -0.5625 1.0000
1.2461 -0.5625 1.0000
1.2519 -0.5626 1.0000
1.2574 -0.5627 1.0000
1.2628 -0.5629 1.0000
1.2680 -0.5631 1.0000
1.2730 -0.5633 1.0000
1.2779 -0.5636 1.0000
1.2825 -0.5639 1.0000
1.2869 -0.5643 1.0000
1.2912 -0.5646 1.0000
1.2952 -0.5650 1.0000
1.2991 -0.5653 1.0000
1.3027 -0.5657 1.0000
1.3062 -0.5661 1.0000
1.3094 -0.5664 1.0000
1.3125 -0.5668 1.0000
1.3153 -0.5672 1.0000
1.3180 -0.5675 1.0000
1.3204 -0.5678 1.0000
1.3227 -0.5681 1.0000
1.3247 -0.5684 1.0000
1.3265 -0.5687 1.0000
1.3281 -0.5689 1.0000
1.3295 -0.5691 1.0000
1.3307 -0.5693 1.0000
1.3317 -0.5695 1.0000
1.3324 -0.5696 1.0000
1.3330 -0.5697 1.0000
1.3333 -0.5697 1.0000
1.3334 -0.5697 1.0000
1.3384 -0.5647 1.0000
1.3334 -0.5697 1.0000
1.3384 -0.5647 1.0000
1.3334 -0.5697 1.0000
1.3384 -0.5647 1.0000
1.3334 -0.5697 1.0000
1.3384 -0.5647 1.0000
1.3334 -0.5697 1.0000
1.3384 -0.5647 1.0000
1.3334 -0.5697 1.0000
1.3384 -0.5647 1.0000
1.3334 -0.5697 1.0000
1.3384 -0.5647 1.0000
1.3334 -0.5697 1.0000
1.3384 -0.5647 1.0000
1.3334 -0.5697 1.0000
1.3384 -0.5647 1.0000
1.3334 -0.5697 1.0000
1.3384 -0.5647 1.0000
1.3334 -0.5697 1.0000
1.3384 -0.5647 1.0000
1.3334 -0.5697 1.0000
1.3384 -0.5647 1.0000
1.3334 -0.5697 1.0000
1.3384 -0.5647 1.0000
1.3334 -0.5697 1.0000
1.3384 -0.5647 1.0000
1.3334 -0.5697 1.0000
1.3384 -0.5647 1.0000
1.3334 -0.5697 1.0000
1.3384 -0.5647 0.9900
1.3334 -0.5697 0.9800
1.3384 -0.5647 0.9700
1.3334 -0.5697 0.9599
1.3384 -0.5647 0.9499
1.3334 -0.5697 0.9399
1.3384 -0.5647 0.9300
1.3334 -0.5697 0.9200
1.3384 -0.5647 0.9100
1.3334 -0.5697 0.8999
1.3384 -0.5647 0.8899
1.3334 -0.5697 0.8799
1.3384 -0.5647 0.8700
1.3334 -0.5697 0.8600
1.3384 -0.5647 0.8500
1.3334 -0.5697 0.8399
1.3384 -0.5647 0.8299
1.3334 -0.5697 0.8199
1.3384 -0.5647 0.8100
1.3334 -0.5697 0.8000
1.3384 -0.5647 0.7900
1.3334 -0.5697 0.7799
1.3384 -0.5647 0.7699
1.3334 -0.5697 0.7599
1.3384 -0.5647 0.7500
1.3334 -0.5697 0.7400
1.3384 -0.5647 0.7300
1.3334 -0.5697 0.7200
1.3384 -0.5647 0.7099
1.3334 -0.5697 0.6999
1.3384 -0.5647 0.6899
1.3334 -0.5697 0.6800
1.3384 -0.5647 0.6700
1.3334 -0.5697 0.6600
1.3384 -0.5647 0.6499
1.3334 -0.5697 0.6399
1.3384 -0.5647 0.6299
1.3334 -0.5697 0.6200
1.3384 -0.5647 0.6100
1.3334 -0.5697 0.6000
1.3384 -0.5647 0.5899
1.3334 -0.5697 0.5799
1.3384 -0.5647 0.5699
1.3334 -0.5697 0.5600
1.3384 -0.5647 0.5500
1.3334 -0.5697 0.5400
1.3384 -0.5647 0.5299
1.3334 -0.5697 0.5199
1.3384 -0.5647 0.5099
1.3334 -0.5697 0.5000
1.3384 -0.5647 0.4900
1.3334 -0.5697 0.4799
1.3384 -0.5647 0.4699
1.3334 -0.5697 0.4600
1.3384 -0.5647 0.4499
1.3334 -0.5697 0.4399
1.3384 -0.5647 0.4300
1.3334 -0.5697 0.4199
1.3384 -0.5647 0.4099
1.3334 -0.5697 0.4000
1.3384 -0.5647 0.3899
1.3334 -0.5697 0.3799
1.3384 -0.5647 0.3700
1.3334 -0.5697 0.3600
1.3384 -0.5647 0.3499
1.3334 -0.5697 0.3400
1.3384 -0.5647 0.3300
1.3334 -0.5697 0.3199
1.3384 -0.5647 0.3100
1.3334 -0.5697 0.3000
1.3384 -0.5647 0.2899
1.3334 -0.5697 0.2800
1.3384 -0.5647 0.2700
1.3334 -0.5697 0.2599
1.3384 -0.5647 0.2500
1.3334 -0.5697 0.2399
1.3384 -0.5647 0.2300
1.3334 -0.5697 0.2199
1.3384 -0.5647 0.2099
1.3334 -0.5697 0.2000
1.3384 -0.5647 0.1899
1.3334 -0.5697 0.1800
1.3384 -0.5647 0.1700
1.3334 -0.5697 0.1599
1.3384 -0.5647 0.1500
1.3334 -0.5697 0.1403
1.3384 -0.5647 0.1303
1.3334 -0.5697 0.1203
1.3384 -0.5647 0.1103
1.3334 -0.5697 0.1004
1.3384 -0.5647 0.0904
1.3334 -0.5697 0.0805
1.3384 -0.5647 0.0705
1.3334 -0.5697 0.0606
1.3384 -0.5647 0.0507
1.3334 -0.5697 0.0409
1.3384 -0.5647 0.0311
1.3334 -0.5697 0.0214
1.3384 -0.5647 0.0120
1.3334 -0.5697 0.0033
