0.7500 -1.7500 1.0000
0.7550 -1.7450 1.0000
0.7499 -1.7580 1.0000
0.7499 -1.7665 1.0000
0.7501 -1.7765 1.0000
0.7506 -1.7883 1.0000
0.7516 -1.8022 1.0000
0.7533 -1.8183 1.0000
0.7560 -1.8368 1.0000
0.7599 -1.8583 1.0000
0.7587 -1.8789 1.0000
0.7534 -1.8946 1.0000
0.7452 -1.9063 1.0000
0.7339 -1.9124 1.0000
0.7205 -1.9139 1.0000
0.7057 -1.9117 1.0000
0.6901 -1.9065 1.0000
0.6800 -1.9080 1.0000
0.6694 -1.9085 1.0000
0.6584 -1.9081 1.0000
0.6470 -1.9068 1.0000
0.6353 -1.9048 1.0000
0.6233 -1.9019 1.0000
0.6110 -1.8983 1.0000
0.5986 -1.8939 1.0000
0.5859 -1.8887 1.0000
0.5730 -1.8827 1.0000
0.5599 -1.8759 1.0000
0.5466 -1.8682 1.0000
0.5331 -1.8595 1.0000
0.5193 -1.8501 1.0000
0.5013 -1.8407 1.0000
0.4807 -1.8252 1.0000
0.4620 -1.8083 1.0000
0.4421 -1.7872 1.0000
0.4241 -1.7664 1.0000
0.4079 -1.7462 1.0000
0.3937 -1.7272 1.0000
0.3817 -1.7100 1.0000
0.3718 -1.6951 1.0000
0.3639 -1.6827 1.0000
0.3578 -1.6726 1.0000
0.3529 -1.6643 1.0000
0.3491 -1.6577 1.0000
0.3451 -1.6507 1.0000
0.3501 -1.6457 1.0000
0.3450 -1.6505 1.0000
0.3447 -1.6500 1.0000
0.3442 -1.6491 1.0000
0.3435 -1.6479 1.0000
0.3427 -1.6464 1.0000
0.3416 -1.6446 1.0000
0.3404 -1.6424 1.0000
0.3390 -1.6399 1.0000
0.3374 -1.6370 1.0000
0.3356 -1.6338 1.0000
0.3337 -1.6303 1.0000
0.3316 -1.6265 1.0000
0.3293 -1.6223 1.0000
0.3269 -1.6178 1.0000
0.3244 -1.6130 1.0000
0.3217 -1.6078 1.0000
0.3189 -1.6023 1.0000
0.3160 -1.5965 1.0000
0.3130 -1.5904 1.0000
0.3098 -1.5839 1.0000
0.3066 -1.5770 1.0000
0.3032 -1.5699 1.0000
0.2998 -1.5624 1.0000
0.2963 -1.5546 1.0000
0.2928 -1.5464 1.0000
0.2891 -1.5379 1.0000
0.2855 -1.5291 1.0000
0.2818 -1.5199 1.0000
0.2781 -1.5104 1.0000
0.2743 -1.5005 1.0000
0.2706 -1.4903 1.0000
0.2668 -1.4798 1.0000
0.2631 -1.4689 1.0000
0.2594 -1.4577 1.0000
0.2558 -1.4462 1.0000
0.2522 -1.4343 1.0000
0.2487 -1.4221 1.0000
0.2452 -1.4096 1.0000
0.2419 -1.3967 1.0000
0.2386 -1.3835 1.0000
0.2355 -1.3700 1.0000
0.2324 -1.3561 1.0000
0.2296 -1.3419 1.0000
0.2269 -1.3274 1.0000
0.2243 -1.3126 1.0000
0.2220 -1.2975 1.0000
0.2198 -1.2820 1.0000
0.2178 -1.2663 1.0000
0.2161 -1.2502 1.0000
0.2146 -1.2339 1.0000
0.2133 -1.2172 1.0000
0.2124 -1.2003 1.0000
0.2116 -1.1831 1.0000
0.2112 -1.1657 1.0000
0.2111 -1.1479 1.0000
0.2113 -1.1300 1.0000
0.2119 -1.1117 1.0000
0.2128 -1.0933 1.0000
0.2140 -1.0746 1.0000
0.2156 -1.0557 1.0000
0.2176 -1.0366 1.0000
0.2201 -1.0173 1.0000
0.2229 -0.9978 1.0000
0.2261 -0.9782 1.0000
0.2298 -0.9583 1.0000
0.2339 -0.9384 1.0000
0.2385 -0.9183 1.0000
0.2435 -0.8981 1.0000
0.2491 -0.8778 1.0000
0.2551 -0.8574 1.0000
0.2616 -0.8369 1.0000
0.2686 -0.8164 1.0000
0.2762 -0.7958 1.0000
0.2843 -0.7752 1.0000
0.2929 -0.7546 1.0000
0.3020 -0.7341 1.0000
0.3117 -0.7135 1.0000
0.3220 -0.6930 1.0000
0.3328 -0.6726 1.0000
0.3442 -0.6522 1.0000
0.3561 -0.6320 1.0000
0.3687 -0.6119 1.0000
0.3818 -0.5919 1.0000
0.3955 -0.5721 1.0000
0.4097 -0.5525 1.0000
0.4246 -0.5331 1.0000
0.4400 -0.5140 1.0000
0.4560 -0.4951 1.0000
0.4726 -0.4765 1.0000
0.4897 -0.4581 1.0000
0.5074 -0.4401 1.0000
0.5257 -0.4225 1.0000
0.5446 -0.4052 1.0000
0.5640 -0.3883 1.0000
0.5840 -0.3718 1.0000
0.6045 -0.3557 1.0000
0.6255 -0.3401 1.0000
0.6471 -0.3249 1.0000
0.6691 -0.3103 1.0000
0.6917 -0.2961 1.0000
0.7148 -0.2825 1.0000
0.7383 -0.2695 1.0000
0.7623 -0.2570 1.0000
0.7868 -0.2452 1.0000
0.8117 -0.2339 1.0000
0.8369 -0.2233 1.0000
0.8626 -0.2133 1.0000
0.8887 -0.2041 1.0000
0.9151 -0.1955 1.0000
0.9419 -0.1876 1.0000
0.9690 -0.1804 1.0000
0.9964 -0.1740 1.0000
1.0241 -0.1683 1.0000
1.0520 -0.1634 1.0000
1.0802 -0.1593 1.0000
1.1085 -0.1559 1.0000
1.1371 -0.1534 1.0000
1.1658 -0.1517 1.0000
1.1946 -0.1508 1.0000
1.2235 -0.1507 1.0000
1.2525 -0.1515 1.0000
1.2816 -0.1531 1.0000
1.3107 -0.1556 1.0000
1.3398 -0.1590 1.0000
1.3688 -0.1632 1.0000
1.3978 -0.1682 1.0000
1.4267 -0.1742 1.0000
1.4555 -0.1810 1.0000
1.4841 -0.1886 1.0000
1.5125 -0.1972 1.0000
1.5408 -0.2066 1.0000
1.5688 -0.2168 1.0000
1.5965 -0.2279 1.0000
1.6240 -0.2399 1.0000
1.6511 -0.2527 1.0000
1.6779 -0.2663 1.0000
1.7043 -0.2807 1.0000
1.7303 -0.2960 1.0000
1.7558 -0.3120 1.0000
1.7809 -0.3289 1.0000
1.8055 -0.3465 1.0000
1.8296 -0.3648 1.0000
1.8531 -0.3839 1.0000
1.8761 -0.4038 1.0000
1.8984 -0.4243 1.0000
1.9202 -0.4455 1.0000
1.9413 -0.4674 1.0000
1.9618 -0.4900 1.0000
1.9815 -0.5131 1.0000
2.0006 -0.5369 1.0000
2.0190 -0.5612 1.0000
2.0365 -0.5861 1.0000
2.0534 -0.6116 1.0000
2.0694 -0.6375 1.0000
2.0847 -0.6639 1.0000
2.0991 -0.6908 1.0000
2.1127 -0.7181 1.0000
2.1255 -0.7458 1.0000
2.1374 -0.7738 1.0000
2.1484 -0.8022 1.0000
2.1586 -0.8309 1.0000
2.1679 -0.8599 1.0000
2.1763 -0.8891 1.0000
2.1838 -0.9186 1.0000
2.1904 -0.9482 1.0000
2.1961 -0.9780 1.0000
2.2009 -1.0080 1.0000
2.2048 -1.0380 1.0000
2.2077 -1.0681 1.0000
2.2097 -1.0983 1.0000
2.2109 -1.1284 1.0000
2.2111 -1.1585 1.0000
2.2104 -1.1886 1.0000
2.2088 -1.2186 1.0000
2.2063 -1.2485 1.0000
2.2029 -1.2782 1.0000
2.1987 -1.3078 1.0000
2.1936 -1.3372 1.0000
2.1876 -1.3664 1.0000
2.1807 -1.3953 1.0000
2.1731 -1.4239 1.0000
2.1646 -1.4522 1.0000
2.1553 -1.4802 1.0000
2.1452 -1.5078 1.0000
2.1343 -1.5351 1.0000
2.1226 -1.5619 1.0000
2.1102 -1.5884 1.0000
2.0971 -1.6144 1.0000
2.0833 -1.6399 1.0000
2.0688 -1.6649 1.0000
2.0536 -1.6894 1.0000
2.0377 -1.7134 1.0000
2.0213 -1.7369 1.0000
2.0042 -1.7598 1.0000
1.9866 -1.7821 1.0000
1.9683 -1.8038 1.0000
1.9496 -1.8249 1.0000
1.9303 -1.8455 1.0000
1.9106 -1.8653 1.0000
1.8904 -1.8846 1.0000
1.8697 -1.9032 1.0000
1.8486 -1.9211 1.0000
1.8271 -1.9384 1.0000
1.8053 -1.9550 1.0000
1.7831 -1.9709 1.0000
1.7606 -1.9861 1.0000
1.7378 -2.0007 1.0000
1.7148 -2.0146 1.0000
1.6915 -2.0277 1.0000
1.6679 -2.0402 1.0000
1.6442 -2.0520 1.0000
1.6203 -2.0631 1.0000
1.5963 -2.0735 1.0000
1.5721 -2.0832 1.0000
1.5478 -2.0923 1.0000
1.5235 -2.1006 1.0000
1.4991 -2.1083 1.0000
1.4746 -2.1153 1.0000
1.4502 -2.1217 1.0000
1.4257 -2.1274 1.0000
1.4013 -2.1324 1.0000
1.3769 -2.1368 1.0000
1.3526 -2.1406 1.0000
1.3284 -2.1438 1.0000
1.3043 -2.1463 1.0000
1.2803 -2.1483 1.0000
1.2565 -2.1496 1.0000
1.2328 -2.1504 1.0000
1.2093 -2.1507 1.0000
1.1860 -2.1503 1.0000
1.1629 -2.1495 1.0000
1.1400 -2.1481 1.0000
1.1174 -2.1463 1.0000
1.0950 -2.1439 1.0000
1.0728 -2.1411 1.0000
1.0510 -2.1378 1.0000
1.0294 -2.1340 1.0000
1.0081 -2.1298 1.0000
0.9871 -2.1252 1.0000
0.9664 -2.1203 1.0000
0.9461 -2.1149 1.0000
0.9260 -2.1092 1.0000
0.9063 -2.1031 1.0000
0.8870 -2.0967 1.0000
0.8680 -2.0900 1.0000
0.8494 -2.0829 1.0000
0.8311 -2.0756 1.0000
0.8132 -2.0681 1.0000
0.7956 -2.0603 1.0000
0.7784 -2.0522 1.0000
0.7616 -2.0439 1.0000
0.7452 -2.0355 1.0000
0.7292 -2.0269 1.0000
0.7135 -2.0180 1.0000
0.6982 -2.0091 1.0000
0.6833 -2.0000 1.0000
0.6687 -1.9908 1.0000
0.6546 -1.9815 1.0000
0.6408 -1.9721 1.0000
0.6274 -1.9626 1.0000
0.6144 -1.9531 1.0000
0.6017 -1.9435 1.0000
0.5894 -1.9339 1.0000
0.5775 -1.9243 1.0000
0.5659 -1.9147 1.0000
0.5547 -1.9051 1.0000
0.5439 -1.8955 1.0000
0.5334 -1.8860 1.0000
0.5232 -1.8765 1.0000
0.5134 -1.8670 1.0000
0.5039 -1.8577 1.0000
0.4948 -1.8484 1.0000
0.4860 -1.8393 1.0000
0.4775 -1.8302 1.0000
0.4693 -1.8213 1.0000
0.4615 -1.8125 1.0000
0.4539 -1.8039 1.0000
0.4467 -1.7954 1.0000
0.4397 -1.7870 1.0000
0.4331 -1.7789 1.0000
0.4267 -1.7709 1.0000
0.4206 -1.7631 1.0000
0.4148 -1.7555 1.0000
0.4092 -1.7481 1.0000
0.4039 -1.7410 1.0000
0.3989 -1.7340 1.0000
0.3941 -1.7273 1.0000
0.3896 -1.7208 1.0000
0.3853 -1.7146 1.0000
0.3813 -1.7086 1.0000
0.3774 -1.7029 1.0000
0.3739 -1.6975 1.0000
0.3705 -1.6923 1.0000
0.3674 -1.6874 1.0000
0.3645 -1.6828 1.0000
0.3618 -1.6785 1.0000
0.3593 -1.6744 1.0000
0.3570 -1.6707 1.0000
0.3549 -1.6673 1.0000
0.3530 -1.6642 1.0000
0.3514 -1.6614 1.0000
0.3499 -1.6589 1.0000
0.3486 -1.6567 1.0000
0.3475 -1.6549 1.0000
0.3467 -1.6534 1.0000
0.3460 -1.6522 1.0000
0.3455 -1.6513 1.0000
0.3452 -1.6508 1.0000
0.3451 -1.6507 1.0000
0.3501 -1.6457 1.0000
0.3451 -1.6507 1.0000
0.3501 -1.6457 1.0000
0.3451 -1.6507 1.0000
0.3501 -1.6457 1.0000
0.3451 -1.6507 1.0000
0.3501 -1.6457 1.0000
0.3451 -1.6507 1.0000
0.3501 -1.6457 1.0000
0.3451 -1.6507 1.0000
0.3501 -1.6457 1.0000
0.3525 -1.6467 1.0000
0.3619 -1.6417 1.0000
0.3737 -1.6354 1.0000
0.3880 -1.6278 1.0000
0.4047 -1.6188 1.0000
0.4237 -1.6087 1.0000
0.4446 -1.5975 1.0000
0.4658 -1.5862 1.0000
0.4864 -1.5752 1.0000
0.5053 -1.5651 1.0000
0.5224 -1.5560 1.0000
0.5380 -1.5477 1.0000
0.5834 -1.5236 1.0000
0.6014 -1.5140 1.0000
0.6203 -1.5039 1.0000
0.6395 -1.4937 1.0000
0.6583 -1.4837 1.0000
0.6756 -1.4745 1.0000
0.6903 -1.4667 1.0000
0.7022 -1.4604 1.0000
0.7112 -1.4557 1.0000
0.7188 -1.4517 1.0000
0.7254 -1.4482 1.0000
0.7320 -1.4447 1.0000
0.7370 -1.4397 1.0000
0.7320 -1.4446 1.0000
0.7318 -1.4444 1.0000
0.7315 -1.4439 1.0000
0.7312 -1.4432 1.0000
0.7307 -1.4424 1.0000
0.7301 -1.4413 1.0000
0.7294 -1.4401 1.0000
0.7286 -1.4387 1.0000
0.7277 -1.4371 1.0000
0.7267 -1.4353 1.0000
0.7256 -1.4333 1.0000
0.7244 -1.4311 1.0000
0.7232 -1.4288 1.0000
0.7218 -1.4263 1.0000
0.7204 -1.4236 1.0000
0.7189 -1.4206 1.0000
0.7173 -1.4176 1.0000
0.7156 -1.4143 1.0000
0.7139 -1.4108 1.0000
0.7121 -1.4072 1.0000
0.7103 -1.4033 1.0000
0.7084 -1.3993 1.0000
0.7064 -1.3951 1.0000
0.7044 -1.3907 1.0000
0.7024 -1.3861 1.0000
0.7003 -1.3813 1.0000
0.6982 -1.3763 1.0000
0.6961 -1.3712 1.0000
0.6940 -1.3658 1.0000
0.6919 -1.3603 1.0000
0.6897 -1.3545 1.0000
0.6875 -1.3486 1.0000
0.6854 -1.3425 1.0000
0.6833 -1.3362 1.0000
0.6811 -1.3297 1.0000
0.6791 -1.3230 1.0000
0.6770 -1.3161 1.0000
0.6750 -1.3091 1.0000
0.6730 -1.3018 1.0000
0.6711 -1.2944 1.0000
0.6692 -1.2868 1.0000
0.6674 -1.2790 1.0000
0.6657 -1.2710 1.0000
0.6640 -1.2628 1.0000
0.6625 -1.2544 1.0000
0.6610 -1.2459 1.0000
0.6596 -1.2372 1.0000
0.6584 -1.2283 1.0000
0.6572 -1.2192 1.0000
0.6562 -1.2100 1.0000
0.6554 -1.2006 1.0000
0.6546 -1.1910 1.0000
0.6540 -1.1813 1.0000
0.6536 -1.1714 1.0000
0.6533 -1.1614 1.0000
0.6532 -1.1512 1.0000
0.6533 -1.1409 1.0000
0.6536 -1.1304 1.0000
0.6540 -1.1198 1.0000
0.6547 -1.1091 1.0000
0.6556 -1.0982 1.0000
0.6567 -1.0873 1.0000
0.6580 -1.0762 1.0000
0.6595 -1.0650 1.0000
0.6613 -1.0537 1.0000
0.6633 -1.0423 1.0000
0.6656 -1.0308 1.0000
0.6681 -1.0193 1.0000
0.6709 -1.0077 1.0000
0.6739 -0.9960 1.0000
0.6773 -0.9843 1.0000
0.6809 -0.9725 1.0000
0.6848 -0.9606 1.0000
0.6890 -0.9488 1.0000
0.6934 -0.9369 1.0000
0.6982 -0.9251 1.0000
0.7033 -0.9132 1.0000
0.7087 -0.9013 1.0000
0.7144 -0.8895 1.0000
0.7204 -0.8777 1.0000
0.7268 -0.8659 1.0000
0.7334 -0.8542 1.0000
0.7404 -0.8425 1.0000
0.7477 -0.8309 1.0000
0.7554 -0.8194 1.0000
0.7633 -0.8080 1.0000
0.7716 -0.7967 1.0000
0.7803 -0.7856 1.0000
0.7892 -0.7745 1.0000
0.7985 -0.7637 1.0000
0.8081 -0.7529 1.0000
0.8180 -0.7424 1.0000
0.8283 -0.7320 1.0000
0.8389 -0.7218 1.0000
0.8498 -0.7118 1.0000
0.8610 -0.7021 1.0000
0.8725 -0.6925 1.0000
0.8844 -0.6832 1.0000
0.8965 -0.6742 1.0000
0.9090 -0.6655 1.0000
0.9217 -0.6570 1.0000
0.9347 -0.6488 1.0000
0.9480 -0.6409 1.0000
0.9616 -0.6333 1.0000
0.9754 -0.6261 1.0000
0.9895 -0.6192 1.0000
1.0039 -0.6126 1.0000
1.0184 -0.6064 1.0000
1.0332 -0.6006 1.0000
1.0483 -0.5951 1.0000
1.0635 -0.5900 1.0000
1.0789 -0.5854 1.0000
1.0946 -0.5811 1.0000
1.1104 -0.5773 1.0000
1.1263 -0.5739 1.0000
1.1424 -0.5709 1.0000
1.1587 -0.5683 1.0000
1.1750 -0.5663 1.0000
1.1915 -0.5646 1.0000
1.2081 -0.5634 1.0000
1.2248 -0.5627 1.0000
1.2415 -0.5625 1.0000
1.2583 -0.5627 1.0000
1.2751 -0.5635 1.0000
1.2919 -0.5647 1.0000
1.3088 -0.5664 1.0000
1.3256 -0.5686 1.0000
1.3424 -0.5712 1.0000
1.3592 -0.5744 1.0000
1.3759 -0.5781 1.0000
1.3925 -0.5822 1.0000
1.4091 -0.5869 1.0000
1.4255 -0.5921 1.0000
1.4418 -0.5977 1.0000
1.4580 -0.6038 1.0000
1.4740 -0.6105 1.0000
1.4899 -0.6176 1.0000
1.5056 -0.6251 1.0000
1.5210 -0.6332 1.0000
1.5362 -0.6417 1.0000
1.5513 -0.6507 1.0000
1.5660 -0.6602 1.0000
1.5805 -0.6701 1.0000
1.5947 -0.6804 1.0000
1.6086 -0.6912 1.0000
1.6222 -0.7024 1.0000
1.6354 -0.7140 1.0000
1.6484 -0.7260 1.0000
1.6609 -0.7384 1.0000
1.6731 -0.7512 1.0000
1.6850 -0.7644 1.0000
1.6964 -0.7779 1.0000
1.7074 -0.7918 1.0000
1.7180 -0.8060 1.0000
1.7282 -0.8205 1.0000
1.7379 -0.8354 1.0000
1.7472 -0.8505 1.0000
1.7560 -0.8659 1.0000
1.7644 -0.8815 1.0000
1.7723 -0.8974 1.0000
1.7797 -0.9136 1.0000
1.7866 -0.9299 1.0000
1.7930 -0.9465 1.0000
1.7989 -0.9632 1.0000
1.8043 -0.9801 1.0000
1.8092 -0.9972 1.0000
1.8136 -1.0144 1.0000
1.8174 -1.0316 1.0000
1.8207 -1.0490 1.0000
1.8235 -1.0665 1.0000
1.8258 -1.0840 1.0000
1.8275 -1.1016 1.0000
1.8287 -1.1192 1.0000
1.8294 -1.1368 1.0000
1.8296 -1.1545 1.0000
1.8292 -1.1720 1.0000
1.8283 -1.1896 1.0000
1.8269 -1.2071 1.0000
1.8249 -1.2245 1.0000
1.8225 -1.2418 1.0000
1.8195 -1.2590 1.0000
1.8160 -1.2761 1.0000
1.8121 -1.2930 1.0000
1.8076 -1.3098 1.0000
1.8027 -1.3265 1.0000
1.7973 -1.3429 1.0000
1.7914 -1.3591 1.0000
1.7850 -1.3751 1.0000
1.7782 -1.3909 1.0000
1.7710 -1.4065 1.0000
1.7633 -1.4218 1.0000
1.7553 -1.4368 1.0000
1.7468 -1.4516 1.0000
1.7379 -1.4660 1.0000
1.7286 -1.4802 1.0000
1.7189 -1.4940 1.0000
1.7089 -1.5076 1.0000
1.6985 -1.5207 1.0000
1.6878 -1.5336 1.0000
1.6768 -1.5461 1.0000
1.6655 -1.5582 1.0000
1.6538 -1.5700 1.0000
1.6419 -1.5814 1.0000
1.6297 -1.5924 1.0000
1.6172 -1.6031 1.0000
1.6045 -1.6133 1.0000
1.5916 -1.6232 1.0000
1.5785 -1.6327 1.0000
1.5651 -1.6417 1.0000
1.5516 -1.6504 1.0000
1.5379 -1.6586 1.0000
1.5241 -1.6665 1.0000
1.5101 -1.6739 1.0000
1.4959 -1.6809 1.0000
1.4817 -1.6875 1.0000
1.4674 -1.6937 1.0000
1.4529 -1.6995 1.0000
1.4384 -1.7048 1.0000
1.4239 -1.7098 1.0000
1.4093 -1.7144 1.0000
1.3946 -1.7185 1.0000
1.3800 -1.7223 1.0000
1.3653 -1.7256 1.0000
1.3506 -1.7286 1.0000
1.3360 -1.7312 1.0000
1.3214 -1.7334 1.0000
1.3068 -1.7352 1.0000
1.2923 -1.7366 1.0000
1.2778 -1.7377 1.0000
1.2634 -1.7384 1.0000
1.2491 -1.7388 1.0000
1.2349 -1.7388 1.0000
1.2208 -1.7385 1.0000
1.2068 -1.7378 1.0000
1.1929 -1.7368 1.0000
1.1792 -1.7355 1.0000
1.1656 -1.7339 1.0000
1.1522 -1.7320 1.0000
1.1388 -1.7298 1.0000
1.1257 -1.7273 1.0000
1.1127 -1.7246 1.0000
1.0999 -1.7216 1.0000
1.0873 -1.7183 1.0000
1.0749 -1.7148 1.0000
1.0627 -1.7110 1.0000
1.0506 -1.7070 1.0000
1.0388 -1.7028 1.0000
1.0271 -1.6984 1.0000
1.0157 -1.6938 1.0000
1.0045 -1.6890 1.0000
0.9935 -1.6840 1.0000
0.9827 -1.6789 1.0000
0.9721 -1.6736 1.0000
0.9618 -1.6681 1.0000
0.9517 -1.6625 1.0000
0.9418 -1.6568 1.0000
0.9321 -1.6509 1.0000
0.9227 -1.6450 1.0000
0.9135 -1.6389 1.0000
0.9045 -1.6328 1.0000
0.8957 -1.6265 1.0000
0.8872 -1.6202 1.0000
0.8789 -1.6138 1.0000
0.8708 -1.6074 1.0000
0.8630 -1.6009 1.0000
0.8554 -1.5944 1.0000
0.8479 -1.5878 1.0000
0.8408 -1.5813 1.0000
0.8338 -1.5747 1.0000
0.8270 -1.5681 1.0000
0.8205 -1.5615 1.0000
0.8142 -1.5549 1.0000
0.8080 -1.5483 1.0000
0.8021 -1.5418 1.0000
0.7964 -1.5353 1.0000
0.7909 -1.5288 1.0000
0.7856 -1.5224 1.0000
0.7805 -1.5160 1.0000
0.7755 -1.5097 1.0000
0.7708 -1.5034 1.0000
0.7662 -1.4973 1.0000
0.7618 -1.4912 1.0000
0.7576 -1.4851 1.0000
0.7536 -1.4792 1.0000
0.7497 -1.4734 1.0000
0.7460 -1.4677 1.0000
0.7424 -1.4620 1.0000
0.7390 -1.4565 1.0000
0.7358 -1.4511 1.0000
0.7327 -1.4458 1.0000
0.7297 -1.4407 1.0000
0.7269 -1.4356 1.0000
0.7242 -1.4307 1.0000
0.7217 -1.4260 1.0000
0.7192 -1.4214 1.0000
0.7169 -1.4169 1.0000
0.7148 -1.4126 1.0000
0.7127 -1.4084 1.0000
0.7108 -1.4044 1.0000
0.7090 -1.4006 1.0000
0.7073 -1.3969 1.0000
0.7056 -1.3934 1.0000
0.7041 -1.3900 1.0000
0.7027 -1.3868 1.0000
0.7014 -1.3838 1.0000
0.7002 -1.3810 1.0000
0.6991 -1.3784 1.0000
0.6981 -1.3759 1.0000
0.6971 -1.3736 1.0000
0.6963 -1.3715 1.0000
0.6955 -1.3697 1.0000
0.6948 -1.3679 1.0000
0.6942 -1.3664 1.0000
0.6937 -1.3651 1.0000
0.6933 -1.3640 1.0000
0.6929 -1.3631 1.0000
0.6927 -1.3624 1.0000
0.6925 -1.3619 1.0000
0.6923 -1.3615 1.0000
0.6923 -1.3614 1.0000
0.6973 -1.3564 1.0000
0.6923 -1.3614 1.0000
0.6973 -1.3564 1.0000
0.6923 -1.3614 1.0000
0.6973 -1.3564 1.0000
0.6923 -1.3614 1.0000
0.6973 -1.3564 1.0000
0.6923 -1.3614 1.0000
0.6973 -1.3564 1.0000
0.6923 -1.3614 1.0000
0.6973 -1.3564 1.0000
0.6923 -1.3614 1.0000
0.6973 -1.3564 1.0000
0.6923 -1.3614 1.0000
0.6973 -1.3564 1.0000
0.6923 -1.3614 1.0000
0.6973 -1.3564 1.0000
0.6923 -1.3614 1.0000
0.6973 -1.3564 1.0000
0.6923 -1.3614 1.0000
0.6973 -1.3564 1.0000
0.6923 -1.3614 1.0000
0.6973 -1.3564 1.0000
0.6923 -1.3614 1.0000
0.6973 -1.3564 1.0000
0.6923 -1.3614 1.0000
0.6973 -1.3564 1.0000
0.6923 -1.3614 1.0000
0.6973 -1.3564 1.0000
0.6923 -1.3614 1.0000
0.6973 -1.3564 0.9900
0.6923 -1.3614 0.9800
0.6973 -1.3564 0.9700
0.6923 -1.3614 0.9599
0.6973 -1.3564 0.9499
0.6923 -1.3614 0.9399
0.6973 -1.3564 0.9300
0.6923 -1.3614 0.9200
0.6973 -1.3564 0.9100
0.6923 -1.3614 0.8999
0.6973 -1.3564 0.8899
0.6923 -1.3614 0.8799
0.6973 -1.3564 0.8700
0.6923 -1.3614 0.8600
0.6973 -1.3564 0.8500
0.6923 -1.3614 0.8399
0.6973 -1.3564 0.8299
0.6923 -1.3614 0.8199
0.6973 -1.3564 0.8100
0.6923 -1.3614 0.8000
0.6973 -1.3564 0.7900
0.6923 -1.3614 0.7799
0.6973 -1.3564 0.7699
0.6923 -1.3614 0.7599
0.6973 -1.3564 0.7500
0.6923 -1.3614 0.7400
0.6973 -1.3564 0.7300
0.6923 -1.3614 0.7200
0.6973 -1.3564 0.7099
0.6923 -1.3614 0.6999
0.6973 -1.3564 0.6899
0.6923 -1.3614 0.6800
0.6973 -1.3564 0.6700
0.6923 -1.3614 0.6600
0.6973 -1.3564 0.6499
0.6923 -1.3614 0.6399
0.6973 -1.3564 0.6299
0.6923 -1.3614 0.6200
0.6973 -1.3564 0.6100
0.6923 -1.3614 0.6000
0.6973 -1.3564 0.5899
0.6923 -1.3614 0.5799
0.6973 -1.3564 0.5699
0.6923 -1.3614 0.5600
0.6973 -1.3564 0.5500
0.6923 -1.3614 0.5400
0.6973 -1.3564 0.5299
0.6923 -1.3614 0.5199
0.6973 -1.3564 0.5099
0.6923 -1.3614 0.5000
0.6973 -1.3564 0.4900
0.6923 -1.3614 0.4799
0.6973 -1.3564 0.4699
0.6923 -1.3614 0.4600
0.6973 -1.3564 0.4499
0.6923 -1.3614 0.4399
0.6973 -1.3564 0.4300
0.6923 -1.3614 0.4199
0.6973 -1.3564 0.4099
0.6923 -1.3614 0.4000
0.6973 -1.3564 0.3899
0.6923 -1.3614 0.3799
0.6973 -1.3564 0.3700
0.6923 -1.3614 0.3600
0.6973 -1.3564 0.3499
0.6923 -1.3614 0.3400
0.6973 -1.3564 0.3300
0.6923 -1.3614 0.3199
0.6973 -1.3564 0.3100
0.6923 -1.3614 0.3000
0.6973 -1.3564 0.2899
0.6923 -1.3614 0.2800
0.6973 -1.3564 0.2700
0.6923 -1.3614 0.2599
0.6973 -1.3564 0.2500
0.6923 -1.3614 0.2399
0.6973 -1.3564 0.2300
0.6923 -1.3614 0.2199
0.6973 -1.3564 0.2099
0.6923 -1.3614 0.2000
0.6973 -1.3564 0.1899
0.6923 -1.3614 0.1800
0.6973 -1.3564 0.1700
0.6923 -1.3614 0.1599
0.6973 -1.3564 0.1500
0.6923 -1.3614 0.1403
0.6973 -1.3564 0.1303
0.6923 -1.3614 0.1203
0.6973 -1.3564 0.1103
0.6923 -1.3614 0.1004
0.6973 -1.3564 0.0904
0.6923 -1.3614 0.0805
0.6973 -1.3564 0.0705
0.6923 -1.3614 0.0606
0.6973 -1.3564 0.0507
0.6923 -1.3614 0.0409
0.6973 -1.3564 0.0311
0.6923 -1.3614 0.0214
0.6973 -1.3564 0.0120
0.6923 -1.3614 0.0033
