1.7500 -0.7500 1.0000
1.7550 -0.7450 1.0000
1.7500 -0.7421 1.0000
1.7499 -0.7339 1.0000
1.7498 -0.7249 1.0000
1.7494 -0.7147 1.0000
1.7486 -0.7030 1.0000
1.7473 -0.6897 1.0000
1.7455 -0.6748 1.0000
1.7429 -0.6581 1.0000
1.7409 -0.6397 1.0000
1.7410 -0.6217 1.0000
1.7456 -0.6083 1.0000
1.7532 -0.5986 1.0000
1.7630 -0.5921 1.0000
1.7743 -0.5882 1.0000
1.7866 -0.5864 1.0000
1.7943 -0.5808 1.0000
1.8025 -0.5759 1.0000
1.8110 -0.5715 1.0000
1.8200 -0.5676 1.0000
1.8292 -0.5643 1.0000
1.8387 -0.5616 1.0000
1.8484 -0.5593 1.0000
1.8584 -0.5576 1.0000
1.8686 -0.5565 1.0000
1.8790 -0.5560 1.0000
1.8897 -0.5562 1.0000
1.9005 -0.5570 1.0000
1.9114 -0.5584 1.0000
1.9224 -0.5604 1.0000
1.9358 -0.5607 1.0000
1.9518 -0.5647 1.0000
1.9696 -0.5731 1.0000
1.9870 -0.5830 1.0000
2.0032 -0.5931 1.0000
2.0179 -0.6030 1.0000
2.0310 -0.6125 1.0000
2.0423 -0.6211 1.0000
2.0517 -0.6287 1.0000
2.0595 -0.6351 1.0000
2.0657 -0.6405 1.0000
2.0708 -0.6450 1.0000
2.0751 -0.6488 1.0000
2.0771 -0.6507 1.0000
2.0821 -0.6457 1.0000
2.0772 -0.6508 1.0000
2.0775 -0.6513 1.0000
2.0780 -0.6522 1.0000
2.0787 -0.6534 1.0000
2.0796 -0.6549 1.0000
2.0806 -0.6567 1.0000
2.0819 -0.6589 1.0000
2.0833 -0.6615 1.0000
2.0849 -0.6643 1.0000
2.0866 -0.6675 1.0000
2.0886 -0.6710 1.0000
2.0907 -0.6748 1.0000
2.0929 -0.6790 1.0000
2.0953 -0.6835 1.0000
2.0978 -0.6883 1.0000
2.1005 -0.6935 1.0000
2.1033 -0.6990 1.0000
2.1062 -0.7048 1.0000
2.1093 -0.7110 1.0000
2.1124 -0.7175 1.0000
2.1157 -0.7243 1.0000
2.1190 -0.7314 1.0000
2.1224 -0.7389 1.0000
2.1259 -0.7468 1.0000
2.1295 -0.7549 1.0000
2.1331 -0.7634 1.0000
2.1368 -0.7723 1.0000
2.1405 -0.7814 1.0000
2.1442 -0.7909 1.0000
2.1479 -0.8008 1.0000
2.1517 -0.8110 1.0000
2.1554 -0.8215 1.0000
2.1591 -0.8324 1.0000
2.1628 -0.8436 1.0000
2.1664 -0.8551 1.0000
2.1700 -0.8670 1.0000
2.1736 -0.8792 1.0000
2.1770 -0.8917 1.0000
2.1804 -0.9046 1.0000
2.1836 -0.9178 1.0000
2.1868 -0.9314 1.0000
2.1898 -0.9452 1.0000
2.1927 -0.9594 1.0000
2.1954 -0.9739 1.0000
2.1979 -0.9887 1.0000
2.2003 -1.0039 1.0000
2.2025 -1.0193 1.0000
2.2044 -1.0351 1.0000
2.2062 -1.0511 1.0000
2.2077 -1.0675 1.0000
2.2089 -1.0841 1.0000
2.2099 -1.1010 1.0000
2.2106 -1.1182 1.0000
2.2110 -1.1357 1.0000
2.2111 -1.1534 1.0000
2.2109 -1.1714 1.0000
2.2104 -1.1896 1.0000
2.2095 -1.2080 1.0000
2.2082 -1.2267 1.0000
2.2066 -1.2456 1.0000
2.2046 -1.2647 1.0000
2.2022 -1.2840 1.0000
2.1994 -1.3035 1.0000
2.1961 -1.3232 1.0000
2.1925 -1.3430 1.0000
2.1883 -1.3629 1.0000
2.1837 -1.3830 1.0000
2.1787 -1.4032 1.0000
2.1732 -1.4235 1.0000
2.1671 -1.4439 1.0000
2.1606 -1.4644 1.0000
2.1536 -1.4849 1.0000
2.1460 -1.5055 1.0000
2.1380 -1.5261 1.0000
2.1294 -1.5467 1.0000
2.1202 -1.5673 1.0000
2.1105 -1.5878 1.0000
2.1002 -1.6083 1.0000
2.0894 -1.6288 1.0000
2.0780 -1.6491 1.0000
2.0661 -1.6693 1.0000
2.0536 -1.6894 1.0000
2.0405 -1.7094 1.0000
2.0268 -1.7292 1.0000
2.0125 -1.7488 1.0000
1.9977 -1.7682 1.0000
1.9823 -1.7873 1.0000
1.9663 -1.8062 1.0000
1.9497 -1.8249 1.0000
1.9325 -1.8432 1.0000
1.9148 -1.8612 1.0000
1.8965 -1.8788 1.0000
1.8776 -1.8961 1.0000
1.8582 -1.9131 1.0000
1.8383 -1.9296 1.0000
1.8178 -1.9456 1.0000
1.7967 -1.9613 1.0000
1.7752 -1.9764 1.0000
1.7531 -1.9911 1.0000
1.7305 -2.0052 1.0000
1.7075 -2.0188 1.0000
1.6839 -2.0318 1.0000
1.6599 -2.0443 1.0000
1.6355 -2.0562 1.0000
1.6106 -2.0674 1.0000
1.5853 -2.0780 1.0000
1.5596 -2.0880 1.0000
1.5335 -2.0973 1.0000
1.5071 -2.1059 1.0000
1.4803 -2.1137 1.0000
1.4532 -2.1209 1.0000
1.4258 -2.1273 1.0000
1.3982 -2.1330 1.0000
1.3702 -2.1379 1.0000
1.3421 -2.1420 1.0000
1.3137 -2.1454 1.0000
1.2852 -2.1479 1.0000
1.2565 -2.1496 1.0000
1.2276 -2.1505 1.0000
1.1987 -2.1506 1.0000
1.1697 -2.1498 1.0000
1.1406 -2.1482 1.0000
1.1116 -2.1457 1.0000
1.0825 -2.1424 1.0000
1.0534 -2.1381 1.0000
1.0244 -2.1331 1.0000
0.9955 -2.1271 1.0000
0.9668 -2.1203 1.0000
0.9381 -2.1127 1.0000
0.9097 -2.1042 1.0000
0.8814 -2.0948 1.0000
0.8534 -2.0845 1.0000
0.8257 -2.0734 1.0000
0.7983 -2.0615 1.0000
0.7711 -2.0487 1.0000
0.7444 -2.0350 1.0000
0.7180 -2.0206 1.0000
0.6920 -2.0053 1.0000
0.6664 -1.9893 1.0000
0.6413 -1.9725 1.0000
0.6167 -1.9549 1.0000
0.5927 -1.9365 1.0000
0.5691 -1.9174 1.0000
0.5462 -1.8975 1.0000
0.5238 -1.8770 1.0000
0.5020 -1.8558 1.0000
0.4809 -1.8339 1.0000
0.4605 -1.8114 1.0000
0.4407 -1.7882 1.0000
0.4216 -1.7644 1.0000
0.4033 -1.7401 1.0000
0.3857 -1.7152 1.0000
0.3689 -1.6897 1.0000
0.3528 -1.6638 1.0000
0.3376 -1.6374 1.0000
0.3231 -1.6105 1.0000
0.3095 -1.5832 1.0000
0.2968 -1.5556 1.0000
0.2848 -1.5275 1.0000
0.2738 -1.4991 1.0000
0.2636 -1.4704 1.0000
0.2543 -1.4414 1.0000
0.2459 -1.4122 1.0000
0.2384 -1.3827 1.0000
0.2318 -1.3531 1.0000
0.2261 -1.3233 1.0000
0.2214 -1.2933 1.0000
0.2175 -1.2633 1.0000
0.2145 -1.2332 1.0000
0.2125 -1.2031 1.0000
0.2114 -1.1729 1.0000
0.2112 -1.1428 1.0000
0.2118 -1.1127 1.0000
0.2134 -1.0827 1.0000
0.2159 -1.0528 1.0000
0.2193 -1.0231 1.0000
0.2235 -0.9935 1.0000
0.2287 -0.9641 1.0000
0.2347 -0.9350 1.0000
0.2415 -0.9061 1.0000
0.2492 -0.8774 1.0000
0.2577 -0.8491 1.0000
0.2670 -0.8211 1.0000
0.2771 -0.7935 1.0000
0.2880 -0.7662 1.0000
0.2996 -0.7394 1.0000
0.3120 -0.7129 1.0000
0.3251 -0.6870 1.0000
0.3390 -0.6614 1.0000
0.3535 -0.6364 1.0000
0.3687 -0.6119 1.0000
0.3845 -0.5879 1.0000
0.4010 -0.5644 1.0000
0.4180 -0.5416 1.0000
0.4357 -0.5192 1.0000
0.4539 -0.4975 1.0000
0.4726 -0.4764 1.0000
0.4919 -0.4559 1.0000
0.5117 -0.4360 1.0000
0.5319 -0.4167 1.0000
0.5525 -0.3981 1.0000
0.5736 -0.3802 1.0000
0.5951 -0.3629 1.0000
0.6169 -0.3463 1.0000
0.6391 -0.3304 1.0000
0.6616 -0.3152 1.0000
0.6844 -0.3006 1.0000
0.7075 -0.2868 1.0000
0.7308 -0.2736 1.0000
0.7543 -0.2611 1.0000
0.7780 -0.2493 1.0000
0.8019 -0.2382 1.0000
0.8260 -0.2278 1.0000
0.8501 -0.2181 1.0000
0.8744 -0.2090 1.0000
0.8988 -0.2007 1.0000
0.9232 -0.1930 1.0000
0.9476 -0.1860 1.0000
0.9721 -0.1797 1.0000
0.9965 -0.1740 1.0000
1.0209 -0.1689 1.0000
1.0453 -0.1645 1.0000
1.0696 -0.1607 1.0000
1.0938 -0.1576 1.0000
1.1179 -0.1550 1.0000
1.1419 -0.1531 1.0000
1.1657 -0.1517 1.0000
1.1894 -0.1509 1.0000
1.2129 -0.1507 1.0000
1.2362 -0.1510 1.0000
1.2593 -0.1518 1.0000
1.2822 -0.1532 1.0000
1.3049 -0.1551 1.0000
1.3273 -0.1574 1.0000
1.3494 -0.1603 1.0000
1.3713 -0.1636 1.0000
1.3929 -0.1673 1.0000
1.4142 -0.1715 1.0000
1.4351 -0.1761 1.0000
1.4558 -0.1811 1.0000
1.4762 -0.1864 1.0000
1.4962 -0.1922 1.0000
1.5159 -0.1982 1.0000
1.5352 -0.2046 1.0000
1.5542 -0.2114 1.0000
1.5729 -0.2184 1.0000
1.5912 -0.2257 1.0000
1.6091 -0.2333 1.0000
1.6266 -0.2411 1.0000
1.6438 -0.2491 1.0000
1.6606 -0.2574 1.0000
1.6770 -0.2658 1.0000
1.6931 -0.2745 1.0000
1.7088 -0.2833 1.0000
1.7241 -0.2922 1.0000
1.7390 -0.3013 1.0000
1.7535 -0.3105 1.0000
1.7677 -0.3198 1.0000
1.7814 -0.3292 1.0000
1.7948 -0.3387 1.0000
1.8079 -0.3482 1.0000
1.8205 -0.3578 1.0000
1.8328 -0.3674 1.0000
1.8448 -0.3770 1.0000
1.8563 -0.3866 1.0000
1.8675 -0.3962 1.0000
1.8784 -0.4058 1.0000
1.8889 -0.4154 1.0000
1.8990 -0.4249 1.0000
1.9088 -0.4343 1.0000
1.9183 -0.4436 1.0000
1.9274 -0.4529 1.0000
1.9362 -0.4620 1.0000
1.9447 -0.4711 1.0000
1.9529 -0.4800 1.0000
1.9608 -0.4888 1.0000
1.9683 -0.4975 1.0000
1.9756 -0.5060 1.0000
1.9825 -0.5143 1.0000
1.9892 -0.5225 1.0000
1.9955 -0.5304 1.0000
2.0016 -0.5382 1.0000
2.0075 -0.5458 1.0000
2.0130 -0.5532 1.0000
2.0183 -0.5604 1.0000
2.0233 -0.5673 1.0000
2.0281 -0.5740 1.0000
2.0326 -0.5805 1.0000
2.0369 -0.5867 1.0000
2.0410 -0.5927 1.0000
2.0448 -0.5984 1.0000
2.0484 -0.6038 1.0000
2.0517 -0.6090 1.0000
2.0549 -0.6139 1.0000
2.0578 -0.6185 1.0000
2.0605 -0.6228 1.0000
2.0630 -0.6269 1.0000
2.0653 -0.6306 1.0000
2.0673 -0.6340 1.0000
2.0692 -0.6371 1.0000
2.0709 -0.6399 1.0000
2.0723 -0.6424 1.0000
2.0736 -0.6446 1.0000
2.0747 -0.6464 1.0000
2.0756 -0.6480 1.0000
2.0763 -0.6491 1.0000
2.0768 -0.6500 1.0000
2.0770 -0.6505 1.0000
2.0771 -0.6507 1.0000
2.0821 -0.6457 1.0000
2.0771 -0.6507 1.0000
2.0821 -0.6457 1.0000
2.0771 -0.6507 1.0000
2.0821 -0.6457 1.0000
2.0771 -0.6507 1.0000
2.0821 -0.6457 1.0000
2.0771 -0.6507 1.0000
2.0821 -0.6457 1.0000
2.0771 -0.6507 1.0000
2.0821 -0.6457 1.0000
2.0843 -0.6472 1.0000
2.0916 -0.6437 1.0000
2.0994 -0.6399 1.0000
2.1080 -0.6357 1.0000
2.1175 -0.6310 1.0000
2.1276 -0.6261 1.0000
2.1377 -0.6211 1.0000
2.1473 -0.6164 1.0000
2.1565 -0.6120 1.0000
2.1653 -0.6078 1.0000
2.1736 -0.6039 1.0000
2.1805 -0.6005 1.0000
2.2016 -0.5904 1.0000
2.2102 -0.5862 1.0000
2.2189 -0.5820 1.0000
2.2274 -0.5779 1.0000
2.2353 -0.5741 1.0000
2.2423 -0.5708 1.0000
2.2483 -0.5680 1.0000
2.2535 -0.5656 1.0000
2.2577 -0.5636 1.0000
2.2601 -0.5625 1.0000
2.2651 -0.5575 1.0000
2.2601 -0.5625 1.0000
2.2651 -0.5575 1.0000
2.2602 -0.5627 1.0000
2.2606 -0.5633 1.0000
2.2611 -0.5642 1.0000
2.2619 -0.5655 1.0000
2.2629 -0.5673 1.0000
2.2641 -0.5693 1.0000
2.2654 -0.5718 1.0000
2.2670 -0.5746 1.0000
2.2688 -0.5778 1.0000
2.2708 -0.5814 1.0000
2.2730 -0.5854 1.0000
2.2754 -0.5897 1.0000
2.2779 -0.5944 1.0000
2.2806 -0.5994 1.0000
2.2835 -0.6049 1.0000
2.2865 -0.6107 1.0000
2.2896 -0.6169 1.0000
2.2930 -0.6234 1.0000
2.2964 -0.6303 1.0000
2.3000 -0.6377 1.0000
2.3037 -0.6453 1.0000
2.3075 -0.6534 1.0000
2.3113 -0.6618 1.0000
2.3153 -0.6706 1.0000
2.3194 -0.6798 1.0000
2.3235 -0.6894 1.0000
2.3277 -0.6993 1.0000
2.3319 -0.7096 1.0000
2.3362 -0.7203 1.0000
2.3405 -0.7314 1.0000
2.3448 -0.7429 1.0000
2.3491 -0.7547 1.0000
2.3534 -0.7670 1.0000
2.3577 -0.7796 1.0000
2.3619 -0.7926 1.0000
2.3661 -0.8059 1.0000
2.3702 -0.8197 1.0000
2.3743 -0.8338 1.0000
2.3782 -0.8483 1.0000
2.3821 -0.8632 1.0000
2.3858 -0.8785 1.0000
2.3894 -0.8941 1.0000
2.3929 -0.9101 1.0000
2.3962 -0.9264 1.0000
2.3993 -0.9431 1.0000
2.4022 -0.9602 1.0000
2.4049 -0.9776 1.0000
2.4074 -0.9954 1.0000
2.4097 -1.0135 1.0000
2.4117 -1.0320 1.0000
2.4135 -1.0508 1.0000
2.4150 -1.0699 1.0000
2.4161 -1.0894 1.0000
2.4170 -1.1091 1.0000
2.4175 -1.1292 1.0000
2.4177 -1.1496 1.0000
2.4176 -1.1702 1.0000
2.4170 -1.1911 1.0000
2.4161 -1.2123 1.0000
2.4148 -1.2338 1.0000
2.4130 -1.2555 1.0000
2.4109 -1.2775 1.0000
2.4083 -1.2996 1.0000
2.4052 -1.3220 1.0000
2.4016 -1.3446 1.0000
2.3976 -1.3674 1.0000
2.3931 -1.3903 1.0000
2.3880 -1.4134 1.0000
2.3824 -1.4366 1.0000
2.3763 -1.4600 1.0000
2.3697 -1.4835 1.0000
2.3624 -1.5070 1.0000
2.3547 -1.5307 1.0000
2.3463 -1.5544 1.0000
2.3373 -1.5781 1.0000
2.3278 -1.6019 1.0000
2.3176 -1.6256 1.0000
2.3068 -1.6494 1.0000
2.2954 -1.6730 1.0000
2.2833 -1.6967 1.0000
2.2707 -1.7202 1.0000
2.2573 -1.7437 1.0000
2.2434 -1.7670 1.0000
2.2287 -1.7901 1.0000
2.2135 -1.8131 1.0000
2.1975 -1.8359 1.0000
2.1809 -1.8585 1.0000
2.1637 -1.8808 1.0000
2.1458 -1.9029 1.0000
2.1272 -1.9247 1.0000
2.1080 -1.9461 1.0000
2.0881 -1.9673 1.0000
2.0676 -1.9880 1.0000
2.0464 -2.0084 1.0000
2.0246 -2.0283 1.0000
2.0022 -2.0479 1.0000
1.9791 -2.0669 1.0000
1.9554 -2.0855 1.0000
1.9311 -2.1036 1.0000
1.9063 -2.1211 1.0000
1.8808 -2.1380 1.0000
1.8548 -2.1544 1.0000
1.8282 -2.1702 1.0000
1.8010 -2.1853 1.0000
1.7734 -2.1998 1.0000
1.7452 -2.2137 1.0000
1.7165 -2.2268 1.0000
1.6873 -2.2392 1.0000
1.6577 -2.2509 1.0000
1.6277 -2.2618 1.0000
1.5972 -2.2719 1.0000
1.5663 -2.2812 1.0000
1.5351 -2.2897 1.0000
1.5035 -2.2974 1.0000
1.4716 -2.3043 1.0000
1.4394 -2.3102 1.0000
1.4069 -2.3153 1.0000
1.3741 -2.3195 1.0000
1.3412 -2.3228 1.0000
1.3080 -2.3251 1.0000
1.2747 -2.3265 1.0000
1.2412 -2.3270 1.0000
1.2077 -2.3265 1.0000
1.1741 -2.3251 1.0000
1.1404 -2.3226 1.0000
1.1067 -2.3193 1.0000
1.0730 -2.3149 1.0000
1.0394 -2.3095 1.0000
1.0059 -2.3032 1.0000
0.9724 -2.2958 1.0000
0.9392 -2.2875 1.0000
0.9061 -2.2782 1.0000
0.8732 -2.2679 1.0000
0.8405 -2.2566 1.0000
0.8082 -2.2443 1.0000
0.7761 -2.2311 1.0000
0.7444 -2.2169 1.0000
0.7131 -2.2017 1.0000
0.6822 -2.1856 1.0000
0.6517 -2.1685 1.0000
0.6217 -2.1505 1.0000
0.5922 -2.1316 1.0000
0.5632 -2.1118 1.0000
0.5348 -2.0911 1.0000
0.5070 -2.0696 1.0000
0.4798 -2.0472 1.0000
0.4533 -2.0240 1.0000
0.4275 -1.9999 1.0000
0.4023 -1.9751 1.0000
0.3779 -1.9495 1.0000
0.3543 -1.9232 1.0000
0.3314 -1.8961 1.0000
0.3094 -1.8684 1.0000
0.2882 -1.8400 1.0000
0.2679 -1.8109 1.0000
0.2484 -1.7813 1.0000
0.2298 -1.7510 1.0000
0.2121 -1.7202 1.0000
0.1954 -1.6889 1.0000
0.1797 -1.6571 1.0000
0.1649 -1.6248 1.0000
0.1510 -1.5921 1.0000
0.1382 -1.5590 1.0000
0.1264 -1.5255 1.0000
0.1156 -1.4917 1.0000
0.1058 -1.4576 1.0000
0.0971 -1.4233 1.0000
0.0894 -1.3887 1.0000
0.0828 -1.3539 1.0000
0.0772 -1.3190 1.0000
0.0726 -1.2839 1.0000
0.0692 -1.2487 1.0000
0.0667 -1.2135 1.0000
0.0654 -1.1783 1.0000
0.0651 -1.1431 1.0000
0.0658 -1.1079 1.0000
0.0676 -1.0728 1.0000
0.0705 -1.0379 1.0000
0.0744 -1.0030 1.0000
0.0793 -0.9684 1.0000
0.0852 -0.9340 1.0000
0.0921 -0.8998 1.0000
0.1001 -0.8659 1.0000
0.1090 -0.8323 1.0000
0.1188 -0.7991 1.0000
0.1297 -0.7662 1.0000
0.1414 -0.7337 1.0000
0.1541 -0.7017 1.0000
0.1677 -0.6701 1.0000
0.1822 -0.6390 1.0000
0.1975 -0.6084 1.0000
0.2137 -0.5784 1.0000
0.2307 -0.5489 1.0000
0.2485 -0.5199 1.0000
0.2670 -0.4916 1.0000
0.2863 -0.4639 1.0000
0.3064 -0.4369 1.0000
0.3271 -0.4105 1.0000
0.3485 -0.3848 1.0000
0.3706 -0.3598 1.0000
0.3933 -0.3355 1.0000
0.4166 -0.3120 1.0000
0.4404 -0.2891 1.0000
0.4648 -0.2671 1.0000
0.4897 -0.2458 1.0000
0.5151 -0.2253 1.0000
0.5410 -0.2056 1.0000
0.5673 -0.1867 1.0000
0.5939 -0.1685 1.0000
0.6210 -0.1512 1.0000
0.6484 -0.1347 1.0000
0.6761 -0.1191 1.0000
0.7041 -0.1042 1.0000
0.7323 -0.0902 1.0000
0.7608 -0.0770 1.0000
0.7895 -0.0646 1.0000
0.8183 -0.0530 1.0000
0.8473 -0.0423 1.0000
0.8764 -0.0324 1.0000
0.9057 -0.0233 1.0000
0.9349 -0.0150 1.0000
0.9643 -0.0074 1.0000
0.9936 -0.0007 1.0000
1.0229 0.0052 1.0000
1.0522 0.0104 1.0000
1.0814 0.0147 1.0000
1.1106 0.0184 1.0000
1.1396 0.0213 1.0000
1.1686 0.0234 1.0000
1.1973 0.0248 1.0000
1.2259 0.0256 1.0000
1.2544 0.0256 1.0000
1.2826 0.0250 1.0000
1.3106 0.0236 1.0000
1.3383 0.0217 1.0000
1.3658 0.0191 1.0000
1.3930 0.0159 1.0000
1.4199 0.0121 1.0000
1.4465 0.0077 1.0000
1.4728 0.0027 1.0000
1.4987 -0.0028 1.0000
1.5243 -0.0089 1.0000
1.5495 -0.0154 1.0000
1.5744 -0.0224 1.0000
1.5989 -0.0300 1.0000
1.6230 -0.0379 1.0000
1.6467 -0.0463 1.0000
1.6699 -0.0552 1.0000
1.6928 -0.0644 1.0000
1.7152 -0.0740 1.0000
1.7372 -0.0839 1.0000
1.7588 -0.0942 1.0000
1.7799 -0.1048 1.0000
1.8006 -0.1157 1.0000
1.8208 -0.1269 1.0000
1.8406 -0.1384 1.0000
1.8600 -0.1501 1.0000
1.8788 -0.1620 1.0000
1.8973 -0.1741 1.0000
1.9152 -0.1864 1.0000
1.9327 -0.1989 1.0000
1.9498 -0.2115 1.0000
1.9664 -0.2243 1.0000
1.9825 -0.2372 1.0000
1.9982 -0.2501 1.0000
2.0135 -0.2632 1.0000
2.0283 -0.2763 1.0000
2.0427 -0.2894 1.0000
2.0566 -0.3026 1.0000
2.0701 -0.3158 1.0000
2.0832 -0.3290 1.0000
2.0959 -0.3422 1.0000
2.1081 -0.3553 1.0000
2.1199 -0.3684 1.0000
2.1314 -0.3814 1.0000
2.1424 -0.3944 1.0000
2.1530 -0.4072 1.0000
2.1633 -0.4200 1.0000
2.1731 -0.4326 1.0000
2.1826 -0.4451 1.0000
2.1918 -0.4575 1.0000
2.2006 -0.4697 1.0000
2.2090 -0.4817 1.0000
2.2171 -0.4936 1.0000
2.2248 -0.5052 1.0000
2.2323 -0.5167 1.0000
2.2394 -0.5279 1.0000
2.2462 -0.5390 1.0000
2.2527 -0.5498 1.0000
2.2589 -0.5603 1.0000
2.2648 -0.5706 1.0000
2.2704 -0.5807 1.0000
2.2758 -0.5905 1.0000
2.2809 -0.6000 1.0000
2.2857 -0.6092 1.0000
2.2903 -0.6182 1.0000
2.2946 -0.6268 1.0000
2.2987 -0.6351 1.0000
2.3026 -0.6431 1.0000
2.3063 -0.6508 1.0000
2.3097 -0.6582 1.0000
2.3129 -0.6652 1.0000
2.3159 -0.6719 1.0000
2.3187 -0.6783 1.0000
2.3213 -0.6843 1.0000
2.3238 -0.6900 1.0000
2.3260 -0.6952 1.0000
2.3280 -0.7002 1.0000
2.3299 -0.7047 1.0000
2.3316 -0.7089 1.0000
2.3332 -0.7127 1.0000
2.3345 -0.7161 1.0000
2.3357 -0.7191 1.0000
2.3367 -0.7217 1.0000
2.3376 -0.7240 1.0000
2.3383 -0.7258 1.0000
2.3389 -0.7272 1.0000
2.3393 -0.7283 1.0000
2.3395 -0.7289 1.0000
2.3396 -0.7291 1.0000
2.3446 -0.7241 1.0000
2.3396 -0.7291 1.0000
2.3446 -0.7241 1.0000
2.3396 -0.7291 1.0000
2.3446 -0.7241 1.0000
2.3396 -0.7291 1.0000
2.3446 -0.7241 1.0000
2.3396 -0.7291 1.0000
2.3446 -0.7241 1.0000
2.3396 -0.7291 1.0000
2.3446 -0.7241 1.0000
2.3396 -0.7291 1.0000
2.3446 -0.7241 1.0000
2.3396 -0.7291 1.0000
2.3446 -0.7241 1.0000
2.3396 -0.7291 1.0000
2.3446 -0.7241 1.0000
2.3396 -0.7291 1.0000
2.3446 -0.7241 1.0000
2.3396 -0.7291 1.0000
2.3446 -0.7241 1.0000
2.3396 -0.7291 1.0000
2.3446 -0.7241 1.0000
2.3396 -0.7291 1.0000
2.3446 -0.7241 1.0000
2.3396 -0.7291 1.0000
2.3446 -0.7241 1.0000
2.3396 -0.7291 1.0000
2.3446 -0.7241 1.0000
2.3396 -0.7291 1.0000
2.3446 -0.7241 0.9900
2.3396 -0.7291 0.9800
2.3446 -0.7241 0.9700
2.3396 -0.7291 0.9599
2.3446 -0.7241 0.9499
2.3396 -0.7291 0.9399
2.3446 -0.7241 0.9300
2.3396 -0.7291 0.9200
2.3446 -0.7241 0.9100
2.3396 -0.7291 0.8999
2.3446 -0.7241 0.8899
2.3396 -0.7291 0.8799
2.3446 -0.7241 0.8700
2.3396 -0.7291 0.8600
2.3446 -0.7241 0.8500
2.3396 -0.7291 0.8399
2.3446 -0.7241 0.8299
2.3396 -0.7291 0.8199
2.3446 -0.7241 0.8100
2.3396 -0.7291 0.8000
2.3446 -0.7241 0.7900
2.3396 -0.7291 0.7799
2.3446 -0.7241 0.7699
2.3396 -0.7291 0.7599
2.3446 -0.7241 0.7500
2.3396 -0.7291 0.7400
2.3446 -0.7241 0.7300
2.3396 -0.7291 0.7200
2.3446 -0.7241 0.7099
2.3396 -0.7291 0.6999
2.3446 -0.7241 0.6899
2.3396 -0.7291 0.6800
2.3446 -0.7241 0.6700
2.3396 -0.7291 0.6600
2.3446 -0.7241 0.6499
2.3396 -0.7291 0.6399
2.3446 -0.7241 0.6299
2.3396 -0.7291 0.6200
2.3446 -0.7241 0.6100
2.3396 -0.7291 0.6000
2.3446 -0.7241 0.5899
2.3396 -0.7291 0.5799
2.3446 -0.7241 0.5699
2.3396 -0.7291 0.5600
2.3446 -0.7241 0.5500
2.3396 -0.7291 0.5400
2.3446 -0.7241 0.5299
2.3396 -0.7291 0.5199
2.3446 -0.7241 0.5099
2.3396 -0.7291 0.5000
2.3446 -0.7241 0.4900
2.3396 -0.7291 0.4799
2.3446 -0.7241 0.4699
2.3396 -0.7291 0.4600
2.3446 -0.7241 0.4499
2.3396 -0.7291 0.4399
2.3446 -0.7241 0.4300
2.3396 -0.7291 0.4199
2.3446 -0.7241 0.4099
2.3396 -0.7291 0.4000
2.3446 -0.7241 0.3899
2.3396 -0.7291 0.3799
2.3446 -0.7241 0.3700
2.3396 -0.7291 0.3600
2.3446 -0.7241 0.3499
2.3396 -0.7291 0.3400
2.3446 -0.7241 0.3300
2.3396 -0.7291 0.3199
2.3446 -0.7241 0.3100
2.3396 -0.7291 0.3000
2.3446 -0.7241 0.2899
2.3396 -0.7291 0.2800
2.3446 -0.7241 0.2700
2.3396 -0.7291 0.2599
2.3446 -0.7241 0.2500
2.3396 -0.7291 0.2399
2.3446 -0.7241 0.2300
2.3396 -0.7291 0.2199
2.3446 -0.7241 0.2099
2.3396 -0.7291 0.2000
2.3446 -0.7241 0.1899
2.3396 -0.7291 0.1800
2.3446 -0.7241 0.1700
2.3396 -0.7291 0.1599
2.3446 -0.7241 0.1500
2.3396 -0.7291 0.1403
2.3446 -0.7241 0.1303
2.3396 -0.7291 0.1203
2.3446 -0.7241 0.1103
2.3396 -0.7291 0.1004
2.3446 -0.7241 0.0904
2.3396 -0.7291 0.0805
2.3446 -0.7241 0.0705
2.3396 -0.7291 0.0606
2.3446 -0.7241 0.0507
2.3396 -0.7291 0.0409
2.3446 -0.7241 0.0311
2.3396 -0.7291 0.0214
2.3446 -0.7241 0.0120
2.3396 -0.7291 0.0033
