0.7500 -0.7500 1.5000
0.7500 -0.7500 1.5000
0.7499 -0.7418 1.5000
0.7499 -0.7314 1.5002
0.7498 -0.7183 1.5007
0.7498 -0.7024 1.5018
0.7498 -0.6836 1.5039
0.7497 -0.6619 1.5073
0.7498 -0.6374 1.5124
0.7493 -0.6101 1.5194
0.7491 -0.5802 1.5284
0.7469 -0.5526 1.5333
0.7430 -0.5298 1.5324
0.7372 -0.5130 1.5252
0.7280 -0.5004 1.5158
0.7195 -0.4917 1.5020
0.7110 -0.4864 1.4846
0.7052 -0.4762 1.4740
0.6980 -0.4667 1.4630
0.6909 -0.4580 1.4505
0.6838 -0.4501 1.4365
0.6768 -0.4431 1.4211
0.6697 -0.4370 1.4043
0.6626 -0.4318 1.3862
0.6556 -0.4276 1.3669
0.6486 -0.4245 1.3463
0.6416 -0.4224 1.3246
0.6348 -0.4215 1.3017
0.6280 -0.4218 1.2776
0.6214 -0.4234 1.2526
0.6150 -0.4263 1.2266
0.6087 -0.4305 1.1996
0.6027 -0.4361 1.1716
0.5968 -0.4431 1.1427
0.5911 -0.4516 1.1128
0.5856 -0.4617 1.0819
0.5809 -0.4718 1.0522
0.5764 -0.4834 1.0215
0.5726 -0.4946 0.9922
0.5694 -0.5056 0.9640
0.5669 -0.5163 0.9370
0.5652 -0.5266 0.9111
0.5650 -0.5369 0.8854
0.5649 -0.5465 0.8611
0.5622 -0.5583 0.8298
0.5603 -0.5694 0.7999
0.5613 -0.5797 0.7707
0.5640 -0.5892 0.7430
0.5671 -0.5978 0.7183
0.5709 -0.6058 0.6968
0.5754 -0.6132 0.6784
0.5802 -0.6198 0.6633
0.5853 -0.6260 0.6509
0.5904 -0.6317 0.6410
0.5954 -0.6370 0.6333
0.6001 -0.6418 0.6279
0.6046 -0.6460 0.6243
0.6102 -0.6507 0.6232
0.6102 -0.6507 0.6232
0.6101 -0.6508 0.6231
0.6099 -0.6513 0.6229
0.6095 -0.6522 0.6226
0.6091 -0.6534 0.6221
0.6084 -0.6549 0.6215
0.6077 -0.6567 0.6207
0.6068 -0.6589 0.6198
0.6058 -0.6615 0.6188
0.6047 -0.6643 0.6177
0.6034 -0.6675 0.6165
0.6021 -0.6710 0.6151
0.6006 -0.6748 0.6136
0.5990 -0.6790 0.6120
0.5973 -0.6835 0.6103
0.5955 -0.6883 0.6086
0.5936 -0.6935 0.6067
0.5917 -0.6990 0.6047
0.5896 -0.7048 0.6026
0.5874 -0.7110 0.6005
0.5852 -0.7175 0.5982
0.5829 -0.7243 0.5959
0.5806 -0.7314 0.5936
0.5781 -0.7389 0.5912
0.5757 -0.7468 0.5887
0.5731 -0.7549 0.5862
0.5706 -0.7634 0.5836
0.5680 -0.7723 0.5810
0.5654 -0.7814 0.5784
0.5627 -0.7909 0.5758
0.5601 -0.8008 0.5731
0.5575 -0.8110 0.5705
0.5548 -0.8215 0.5679
0.5522 -0.8324 0.5652
0.5496 -0.8436 0.5626
0.5470 -0.8551 0.5600
0.5445 -0.8670 0.5575
0.5420 -0.8792 0.5550
0.5395 -0.8917 0.5526
0.5372 -0.9046 0.5502
0.5348 -0.9178 0.5479
0.5326 -0.9314 0.5457
0.5305 -0.9452 0.5435
0.5285 -0.9594 0.5415
0.5265 -0.9739 0.5396
0.5247 -0.9887 0.5378
0.5231 -1.0039 0.5361
0.5215 -1.0193 0.5346
0.5202 -1.0351 0.5332
0.5189 -1.0511 0.5320
0.5179 -1.0675 0.5309
0.5170 -1.0841 0.5300
0.5163 -1.1010 0.5293
0.5158 -1.1182 0.5288
0.5155 -1.1357 0.5285
0.5154 -1.1534 0.5285
0.5156 -1.1714 0.5286
0.5159 -1.1896 0.5290
0.5166 -1.2080 0.5296
0.5175 -1.2267 0.5305
0.5186 -1.2456 0.5317
0.5200 -1.2647 0.5331
0.5217 -1.2840 0.5348
0.5237 -1.3035 0.5368
0.5260 -1.3232 0.5391
0.5286 -1.3430 0.5417
0.5315 -1.3629 0.5446
0.5348 -1.3830 0.5478
0.5383 -1.4032 0.5514
0.5423 -1.4235 0.5553
0.5465 -1.4439 0.5595
0.5511 -1.4644 0.5642
0.5561 -1.4849 0.5691
0.5614 -1.5055 0.5745
0.5671 -1.5261 0.5802
0.5732 -1.5467 0.5863
0.5797 -1.5673 0.5927
0.5866 -1.5878 0.5996
0.5938 -1.6083 0.6068
0.6015 -1.6288 0.6145
0.6095 -1.6491 0.6225
0.6180 -1.6693 0.6310
0.6268 -1.6894 0.6399
0.6361 -1.7094 0.6491
0.6458 -1.7292 0.6588
0.6559 -1.7488 0.6689
0.6664 -1.7682 0.6794
0.6773 -1.7873 0.6903
0.6886 -1.8062 0.7016
0.7003 -1.8249 0.7133
0.7124 -1.8432 0.7254
0.7250 -1.8612 0.7380
0.7379 -1.8788 0.7509
0.7512 -1.8961 0.7642
0.7650 -1.9131 0.7780
0.7791 -1.9296 0.7921
0.7936 -1.9456 0.8066
0.8085 -1.9613 0.8214
0.8237 -1.9764 0.8367
0.8393 -1.9911 0.8523
0.8553 -2.0052 0.8682
0.8716 -2.0188 0.8846
0.8882 -2.0318 0.9012
0.9052 -2.0443 0.9182
0.9225 -2.0562 0.9355
0.9401 -2.0674 0.9530
0.9580 -2.0780 0.9709
0.9762 -2.0880 0.9891
0.9946 -2.0973 1.0075
1.0133 -2.1059 1.0262
1.0322 -2.1137 1.0451
1.0514 -2.1209 1.0643
1.0708 -2.1273 1.0837
1.0903 -2.1330 1.1032
1.1101 -2.1379 1.1230
1.1300 -2.1420 1.1429
1.1500 -2.1454 1.1629
1.1702 -2.1479 1.1831
1.1905 -2.1496 1.2034
1.2109 -2.1505 1.2238
1.2314 -2.1506 1.2443
1.2519 -2.1498 1.2648
1.2724 -2.1482 1.2853
1.2930 -2.1457 1.3059
1.3136 -2.1424 1.3264
1.3341 -2.1381 1.3470
1.3546 -2.1331 1.3675
1.3751 -2.1271 1.3879
1.3954 -2.1203 1.4082
1.4156 -2.1127 1.4285
1.4358 -2.1042 1.4486
1.4557 -2.0948 1.4686
1.4755 -2.0845 1.4884
1.4952 -2.0734 1.5080
1.5146 -2.0615 1.5274
1.5338 -2.0487 1.5466
1.5527 -2.0350 1.5655
1.5714 -2.0206 1.5842
1.5897 -2.0053 1.6025
1.6078 -1.9893 1.6206
1.6255 -1.9725 1.6383
1.6429 -1.9549 1.6557
1.6600 -1.9365 1.6727
1.6766 -1.9174 1.6894
1.6929 -1.8975 1.7056
1.7087 -1.8770 1.7214
1.7241 -1.8558 1.7368
1.7390 -1.8339 1.7517
1.7535 -1.8114 1.7662
1.7674 -1.7882 1.7802
1.7809 -1.7644 1.7937
1.7939 -1.7401 1.8066
1.8063 -1.7152 1.8191
1.8182 -1.6897 1.8310
1.8296 -1.6638 1.8423
1.8404 -1.6374 1.8531
1.8506 -1.6105 1.8633
1.8602 -1.5832 1.8729
1.8692 -1.5556 1.8820
1.8777 -1.5275 1.8904
1.8855 -1.4991 1.8982
1.8927 -1.4704 1.9054
1.8992 -1.4414 1.9120
1.9052 -1.4122 1.9179
1.9105 -1.3827 1.9232
1.9152 -1.3531 1.9279
1.9192 -1.3233 1.9319
1.9226 -1.2933 1.9353
1.9253 -1.2633 1.9380
1.9274 -1.2332 1.9401
1.9288 -1.2031 1.9415
1.9296 -1.1729 1.9423
1.9298 -1.1428 1.9425
1.9293 -1.1127 1.9420
1.9282 -1.0827 1.9409
1.9264 -1.0528 1.9391
1.9240 -1.0231 1.9367
1.9210 -0.9935 1.9337
1.9174 -0.9641 1.9301
1.9131 -0.9350 1.9259
1.9083 -0.9061 1.9210
1.9029 -0.8774 1.9156
1.8969 -0.8491 1.9096
1.8903 -0.8211 1.9030
1.8831 -0.7935 1.8959
1.8754 -0.7662 1.8882
1.8672 -0.7394 1.8799
1.8584 -0.7129 1.8712
1.8492 -0.6870 1.8619
1.8394 -0.6614 1.8521
1.8291 -0.6364 1.8419
1.8184 -0.6119 1.8311
1.8072 -0.5879 1.8199
1.7955 -0.5644 1.8083
1.7835 -0.5416 1.7962
1.7710 -0.5192 1.7837
1.7581 -0.4975 1.7709
1.7448 -0.4764 1.7576
1.7312 -0.4559 1.7440
1.7173 -0.4360 1.7300
1.7030 -0.4167 1.7157
1.6883 -0.3981 1.7011
1.6734 -0.3802 1.6862
1.6583 -0.3629 1.6710
1.6428 -0.3463 1.6556
1.6271 -0.3304 1.6399
1.6112 -0.3152 1.6240
1.5951 -0.3006 1.6079
1.5788 -0.2868 1.5916
1.5623 -0.2736 1.5751
1.5457 -0.2611 1.5585
1.5289 -0.2493 1.5417
1.5120 -0.2382 1.5248
1.4950 -0.2278 1.5078
1.4779 -0.2181 1.4907
1.4607 -0.2090 1.4735
1.4435 -0.2007 1.4563
1.4262 -0.1930 1.4391
1.4089 -0.1860 1.4218
1.3917 -0.1797 1.4045
1.3744 -0.1740 1.3872
1.3571 -0.1689 1.3699
1.3399 -0.1645 1.3527
1.3227 -0.1607 1.3355
1.3056 -0.1576 1.3184
1.2885 -0.1550 1.3014
1.2715 -0.1531 1.2844
1.2547 -0.1517 1.2676
1.2379 -0.1509 1.2508
1.2213 -0.1507 1.2342
1.2048 -0.1510 1.2177
1.1885 -0.1518 1.2014
1.1723 -0.1532 1.1852
1.1563 -0.1551 1.1692
1.1405 -0.1574 1.1534
1.1248 -0.1603 1.1377
1.1093 -0.1636 1.1222
1.0941 -0.1673 1.1070
1.0790 -0.1715 1.0919
1.0642 -0.1761 1.0771
1.0495 -0.1811 1.0625
1.0352 -0.1864 1.0481
1.0210 -0.1922 1.0339
1.0071 -0.1982 1.0200
0.9934 -0.2046 1.0063
0.9800 -0.2114 0.9929
0.9668 -0.2184 0.9797
0.9538 -0.2257 0.9668
0.9412 -0.2333 0.9541
0.9288 -0.2411 0.9417
0.9166 -0.2491 0.9296
0.9047 -0.2574 0.9177
0.8931 -0.2658 0.9061
0.8818 -0.2745 0.8947
0.8707 -0.2833 0.8836
0.8599 -0.2922 0.8728
0.8493 -0.3013 0.8623
0.8390 -0.3105 0.8520
0.8290 -0.3198 0.8420
0.8193 -0.3292 0.8322
0.8098 -0.3387 0.8228
0.8006 -0.3482 0.8136
0.7916 -0.3578 0.8046
0.7829 -0.3674 0.7959
0.7745 -0.3770 0.7875
0.7663 -0.3866 0.7793
0.7584 -0.3962 0.7714
0.7507 -0.4058 0.7637
0.7433 -0.4154 0.7563
0.7361 -0.4249 0.7491
0.7292 -0.4343 0.7422
0.7225 -0.4436 0.7355
0.7160 -0.4529 0.7290
0.7098 -0.4620 0.7228
0.7038 -0.4711 0.7168
0.6980 -0.4800 0.7110
0.6925 -0.4888 0.7055
0.6871 -0.4975 0.7001
0.6820 -0.5060 0.6950
0.6771 -0.5143 0.6901
0.6724 -0.5225 0.6854
0.6679 -0.5304 0.6809
0.6636 -0.5382 0.6766
0.6594 -0.5458 0.6724
0.6555 -0.5532 0.6685
0.6518 -0.5604 0.6648
0.6482 -0.5673 0.6612
0.6448 -0.5740 0.6578
0.6416 -0.5805 0.6546
0.6386 -0.5867 0.6516
0.6357 -0.5927 0.6487
0.6330 -0.5984 0.6461
0.6305 -0.6038 0.6435
0.6281 -0.6090 0.6411
0.6259 -0.6139 0.6389
0.6239 -0.6185 0.6369
0.6219 -0.6228 0.6350
0.6202 -0.6269 0.6332
0.6186 -0.6306 0.6316
0.6171 -0.6340 0.6301
0.6158 -0.6371 0.6288
0.6146 -0.6399 0.6276
0.6136 -0.6424 0.6266
0.6127 -0.6446 0.6257
0.6119 -0.6464 0.6249
0.6113 -0.6480 0.6243
0.6108 -0.6491 0.6238
0.6104 -0.6500 0.6235
0.6102 -0.6505 0.6232
0.6102 -0.6507 0.6232
0.6102 -0.6507 0.6232
0.6102 -0.6507 0.6232
0.6102 -0.6507 0.6232
0.6102 -0.6507 0.6232
0.6102 -0.6507 0.6232
0.6102 -0.6507 0.6232
0.6102 -0.6507 0.6232
0.6102 -0.6507 0.6232
0.6102 -0.6507 0.6232
0.6102 -0.6507 0.6232
0.6102 -0.6507 0.6232
0.6079 -0.6464 0.6206
0.6038 -0.6439 0.6156
0.5995 -0.6406 0.6100
0.5949 -0.6368 0.6038
0.5898 -0.6326 0.5969
0.5843 -0.6280 0.5896
0.5788 -0.6233 0.5820
0.5735 -0.6185 0.5749
0.5685 -0.6142 0.5682
0.5637 -0.6101 0.5616
0.5591 -0.6062 0.5550
0.5550 -0.6027 0.5488
0.5516 -0.5998 0.5434
0.5486 -0.5972 0.5388
0.5460 -0.5950 0.5348
0.5427 -0.5921 0.5301
0.5394 -0.5895 0.5254
0.5363 -0.5868 0.5209
0.5320 -0.5832 0.5149
0.5278 -0.5795 0.5089
0.5238 -0.5760 0.5030
0.5201 -0.5727 0.4975
0.5168 -0.5699 0.4926
0.5141 -0.5675 0.4884
0.5117 -0.5657 0.4845
0.5098 -0.5640 0.4809
0.5085 -0.5629 0.4782
0.5081 -0.5625 0.4767
0.5081 -0.5625 0.4767
0.5081 -0.5625 0.4767
0.5081 -0.5625 0.4767
0.5081 -0.5625 0.4767
0.5081 -0.5625 0.4767
0.5080 -0.5627 0.4767
0.5077 -0.5633 0.4764
0.5074 -0.5642 0.4760
0.5068 -0.5655 0.4755
0.5061 -0.5673 0.4748
0.5053 -0.5693 0.4740
0.5043 -0.5718 0.4730
0.5032 -0.5746 0.4718
0.5019 -0.5778 0.4706
0.5005 -0.5814 0.4692
0.4990 -0.5854 0.4676
0.4973 -0.5897 0.4660
0.4955 -0.5944 0.4642
0.4936 -0.5994 0.4623
0.4916 -0.6049 0.4602
0.4894 -0.6107 0.4581
0.4872 -0.6169 0.4559
0.4848 -0.6234 0.4535
0.4824 -0.6303 0.4511
0.4799 -0.6377 0.4486
0.4773 -0.6453 0.4460
0.4746 -0.6534 0.4433
0.4718 -0.6618 0.4405
0.4690 -0.6706 0.4377
0.4662 -0.6798 0.4348
0.4632 -0.6894 0.4319
0.4603 -0.6993 0.4290
0.4573 -0.7096 0.4260
0.4543 -0.7203 0.4230
0.4512 -0.7314 0.4199
0.4482 -0.7429 0.4169
0.4451 -0.7547 0.4138
0.4421 -0.7670 0.4108
0.4391 -0.7796 0.4078
0.4361 -0.7926 0.4048
0.4331 -0.8059 0.4018
0.4302 -0.8197 0.3989
0.4274 -0.8338 0.3960
0.4246 -0.8483 0.3932
0.4218 -0.8632 0.3905
0.4192 -0.8785 0.3879
0.4166 -0.8941 0.3853
0.4142 -0.9101 0.3829
0.4119 -0.9264 0.3806
0.4097 -0.9431 0.3783
0.4076 -0.9602 0.3763
0.4057 -0.9776 0.3743
0.4039 -0.9954 0.3726
0.4023 -1.0135 0.3710
0.4009 -1.0320 0.3695
0.3996 -1.0508 0.3683
0.3986 -1.0699 0.3673
0.3977 -1.0894 0.3664
0.3971 -1.1091 0.3658
0.3968 -1.1292 0.3654
0.3966 -1.1496 0.3653
0.3967 -1.1702 0.3654
0.3971 -1.1911 0.3658
0.3978 -1.2123 0.3664
0.3987 -1.2338 0.3674
0.3999 -1.2555 0.3686
0.4015 -1.2775 0.3701
0.4033 -1.2996 0.3720
0.4055 -1.3220 0.3742
0.4080 -1.3446 0.3767
0.4109 -1.3674 0.3795
0.4141 -1.3903 0.3827
0.4176 -1.4134 0.3863
0.4216 -1.4366 0.3903
0.4259 -1.4600 0.3946
0.4306 -1.4835 0.3993
0.4357 -1.5070 0.4044
0.4412 -1.5307 0.4099
0.4471 -1.5544 0.4158
0.4535 -1.5781 0.4222
0.4602 -1.6019 0.4289
0.4674 -1.6256 0.4361
0.4751 -1.6494 0.4437
0.4831 -1.6730 0.4518
0.4917 -1.6967 0.4603
0.5006 -1.7202 0.4693
0.5100 -1.7437 0.4787
0.5199 -1.7670 0.4886
0.5303 -1.7901 0.4989
0.5411 -1.8131 0.5097
0.5523 -1.8359 0.5210
0.5641 -1.8585 0.5327
0.5763 -1.8808 0.5449
0.5889 -1.9029 0.5576
0.6021 -1.9247 0.5707
0.6156 -1.9461 0.5843
0.6297 -1.9673 0.5984
0.6442 -1.9880 0.6129
0.6592 -2.0084 0.6278
0.6746 -2.0283 0.6433
0.6905 -2.0479 0.6591
0.7068 -2.0669 0.6754
0.7235 -2.0855 0.6922
0.7407 -2.1036 0.7094
0.7583 -2.1211 0.7269
0.7763 -2.1380 0.7450
0.7947 -2.1544 0.7634
0.8135 -2.1702 0.7822
0.8327 -2.1853 0.8014
0.8523 -2.1998 0.8209
0.8722 -2.2137 0.8409
0.8925 -2.2268 0.8611
0.9131 -2.2392 0.8818
0.9340 -2.2509 0.9027
0.9553 -2.2618 0.9240
0.9768 -2.2719 0.9455
0.9987 -2.2812 0.9673
1.0208 -2.2897 0.9894
1.0431 -2.2974 1.0118
1.0657 -2.3043 1.0343
1.0885 -2.3102 1.0571
1.1114 -2.3153 1.0801
1.1346 -2.3195 1.1032
1.1579 -2.3228 1.1265
1.1813 -2.3251 1.1500
1.2049 -2.3265 1.1735
1.2285 -2.3270 1.1972
1.2523 -2.3265 1.2209
1.2761 -2.3251 1.2447
1.2999 -2.3226 1.2685
1.3237 -2.3193 1.2923
1.3475 -2.3149 1.3161
1.3713 -2.3095 1.3399
1.3950 -2.3032 1.3636
1.4186 -2.2958 1.3872
1.4422 -2.2875 1.4108
1.4656 -2.2782 1.4342
1.4888 -2.2679 1.4574
1.5119 -2.2566 1.4805
1.5348 -2.2443 1.5034
1.5574 -2.2311 1.5261
1.5799 -2.2169 1.5485
1.6020 -2.2017 1.5706
1.6239 -2.1856 1.5925
1.6454 -2.1685 1.6140
1.6666 -2.1505 1.6353
1.6875 -2.1316 1.6561
1.7080 -2.1118 1.6766
1.7281 -2.0911 1.6967
1.7477 -2.0696 1.7163
1.7670 -2.0472 1.7356
1.7857 -2.0240 1.7543
1.8040 -1.9999 1.7726
1.8218 -1.9751 1.7904
1.8390 -1.9495 1.8076
1.8557 -1.9232 1.8243
1.8719 -1.8961 1.8405
1.8875 -1.8684 1.8561
1.9025 -1.8400 1.8711
1.9169 -1.8109 1.8855
1.9306 -1.7813 1.8992
1.9438 -1.7510 1.9124
1.9562 -1.7202 1.9248
1.9681 -1.6889 1.9367
1.9792 -1.6571 1.9478
1.9897 -1.6248 1.9583
1.9995 -1.5921 1.9680
2.0085 -1.5590 1.9771
2.0169 -1.5255 1.9855
2.0245 -1.4917 1.9931
2.0314 -1.4576 2.0000
2.0376 -1.4233 2.0062
2.0430 -1.3887 2.0116
2.0477 -1.3539 2.0163
2.0517 -1.3190 2.0203
2.0549 -1.2839 2.0235
2.0574 -1.2487 2.0259
2.0591 -1.2135 2.0276
2.0600 -1.1783 2.0286
2.0602 -1.1431 2.0288
2.0597 -1.1079 2.0283
2.0584 -1.0728 2.0270
2.0564 -1.0379 2.0250
2.0537 -1.0030 2.0223
2.0502 -0.9684 2.0188
2.0460 -0.9340 2.0146
2.0411 -0.8998 2.0097
2.0355 -0.8659 2.0041
2.0292 -0.8323 1.9978
2.0222 -0.7991 1.9908
2.0146 -0.7662 1.9832
2.0063 -0.7337 1.9748
1.9973 -0.7017 1.9659
1.9877 -0.6701 1.9563
1.9774 -0.6390 1.9460
1.9666 -0.6084 1.9352
1.9552 -0.5784 1.9238
1.9432 -0.5489 1.9117
1.9306 -0.5199 1.8992
1.9174 -0.4916 1.8860
1.9038 -0.4639 1.8724
1.8896 -0.4369 1.8582
1.8749 -0.4105 1.8435
1.8598 -0.3848 1.8284
1.8442 -0.3598 1.8128
1.8282 -0.3355 1.7968
1.8117 -0.3120 1.7803
1.7948 -0.2891 1.7634
1.7776 -0.2671 1.7462
1.7600 -0.2458 1.7286
1.7420 -0.2253 1.7106
1.7237 -0.2056 1.6923
1.7051 -0.1867 1.6737
1.6863 -0.1685 1.6549
1.6671 -0.1512 1.6358
1.6478 -0.1347 1.6164
1.6282 -0.1191 1.5968
1.6084 -0.1042 1.5770
1.5884 -0.0902 1.5570
1.5683 -0.0770 1.5369
1.5480 -0.0646 1.5166
1.5276 -0.0530 1.4962
1.5071 -0.0423 1.4757
1.4865 -0.0324 1.4551
1.4658 -0.0233 1.4345
1.4451 -0.0150 1.4138
1.4244 -0.0074 1.3930
1.4037 -0.0007 1.3723
1.3829 0.0052 1.3516
1.3622 0.0104 1.3308
1.3415 0.0147 1.3102
1.3209 0.0184 1.2896
1.3004 0.0213 1.2690
1.2799 0.0234 1.2486
1.2596 0.0248 1.2282
1.2394 0.0256 1.2080
1.2193 0.0256 1.1879
1.1993 0.0250 1.1680
1.1795 0.0236 1.1482
1.1599 0.0217 1.1286
1.1405 0.0191 1.1091
1.1212 0.0159 1.0899
1.1022 0.0121 1.0709
1.0834 0.0077 1.0520
1.0648 0.0027 1.0335
1.0465 -0.0028 1.0151
1.0284 -0.0089 0.9970
1.0105 -0.0154 0.9792
0.9930 -0.0224 0.9616
0.9756 -0.0300 0.9443
0.9586 -0.0379 0.9273
0.9419 -0.0463 0.9105
0.9254 -0.0552 0.8941
0.9092 -0.0644 0.8779
0.8934 -0.0740 0.8620
0.8778 -0.0839 0.8465
0.8626 -0.0942 0.8312
0.8476 -0.1048 0.8163
0.8330 -0.1157 0.8017
0.8187 -0.1269 0.7874
0.8047 -0.1384 0.7734
0.7910 -0.1501 0.7597
0.7777 -0.1620 0.7463
0.7647 -0.1741 0.7333
0.7520 -0.1864 0.7206
0.7396 -0.1989 0.7082
0.7275 -0.2115 0.6962
0.7158 -0.2243 0.6844
0.7044 -0.2372 0.6730
0.6932 -0.2501 0.6619
0.6825 -0.2632 0.6511
0.6720 -0.2763 0.6407
0.6618 -0.2894 0.6305
0.6520 -0.3026 0.6206
0.6424 -0.3158 0.6111
0.6332 -0.3290 0.6018
0.6242 -0.3422 0.5929
0.6156 -0.3553 0.5842
0.6072 -0.3684 0.5759
0.5991 -0.3814 0.5678
0.5913 -0.3944 0.5600
0.5838 -0.4072 0.5525
0.5766 -0.4200 0.5452
0.5696 -0.4326 0.5382
0.5629 -0.4451 0.5315
0.5564 -0.4575 0.5251
0.5502 -0.4697 0.5189
0.5442 -0.4817 0.5129
0.5385 -0.4936 0.5072
0.5330 -0.5052 0.5017
0.5278 -0.5167 0.4964
0.5227 -0.5279 0.4914
0.5179 -0.5390 0.4866
0.5133 -0.5498 0.4820
0.5089 -0.5603 0.4776
0.5048 -0.5706 0.4734
0.5008 -0.5807 0.4695
0.4970 -0.5905 0.4657
0.4934 -0.6000 0.4621
0.4900 -0.6092 0.4586
0.4867 -0.6182 0.4554
0.4837 -0.6268 0.4523
0.4808 -0.6351 0.4494
0.4780 -0.6431 0.4467
0.4754 -0.6508 0.4441
0.4730 -0.6582 0.4417
0.4707 -0.6652 0.4394
0.4686 -0.6719 0.4373
0.4666 -0.6783 0.4353
0.4648 -0.6843 0.4335
0.4631 -0.6900 0.4317
0.4615 -0.6952 0.4302
0.4600 -0.7002 0.4287
0.4587 -0.7047 0.4274
0.4575 -0.7089 0.4262
0.4564 -0.7127 0.4251
0.4555 -0.7161 0.4241
0.4546 -0.7191 0.4233
0.4539 -0.7217 0.4226
0.4533 -0.7240 0.4219
0.4528 -0.7258 0.4214
0.4524 -0.7272 0.4211
0.4521 -0.7283 0.4208
0.4519 -0.7289 0.4206
0.4519 -0.7291 0.4205
0.4519 -0.7291 0.4205
0.4519 -0.7291 0.4205
0.4519 -0.7291 0.4205
0.4519 -0.7291 0.4205
0.4519 -0.7291 0.4205
0.4519 -0.7291 0.4205
0.4519 -0.7291 0.4205
0.4519 -0.7291 0.4205
0.4519 -0.7291 0.4205
0.4519 -0.7291 0.4205
0.4519 -0.7291 0.4205
0.4519 -0.7291 0.4205
0.4519 -0.7291 0.4205
0.4519 -0.7291 0.4205
0.4519 -0.7291 0.4205
0.4519 -0.7291 0.4205
0.4519 -0.7291 0.4205
0.4519 -0.7291 0.4205
0.4519 -0.7291 0.4205
0.4519 -0.7291 0.4205
0.4519 -0.7291 0.4205
0.4519 -0.7291 0.4205
0.4519 -0.7291 0.4205
0.4519 -0.7291 0.4205
0.4519 -0.7291 0.4205
0.4519 -0.7291 0.4205
0.4519 -0.7291 0.4205
0.4519 -0.7291 0.4205
0.4519 -0.7291 0.4205
0.4519 -0.7291 0.4205
0.4584 -0.7307 0.4249
0.4628 -0.7325 0.4270
0.4650 -0.7344 0.4270
0.4668 -0.7349 0.4267
0.4702 -0.7348 0.4277
0.4729 -0.7342 0.4277
0.4753 -0.7344 0.4271
0.4792 -0.7338 0.4276
0.4830 -0.7332 0.4276
0.4880 -0.7333 0.4282
0.4942 -0.7339 0.4289
0.5014 -0.7351 0.4303
0.5108 -0.7368 0.4337
0.5224 -0.7390 0.4390
0.5362 -0.7416 0.4460
0.5469 -0.7436 0.4511
0.5584 -0.7458 0.4569
0.5707 -0.7482 0.4633
0.5837 -0.7509 0.4703
0.5978 -0.7538 0.4783
0.6123 -0.7569 0.4868
0.6278 -0.7603 0.4963
0.6435 -0.7640 0.5063
0.6599 -0.7682 0.5170
0.6764 -0.7727 0.5281
0.6928 -0.7773 0.5394
0.7098 -0.7824 0.5516
0.7267 -0.7876 0.5639
0.7440 -0.7930 0.5770
0.7611 -0.7986 0.5902
0.7779 -0.8043 0.6035
0.7949 -0.8106 0.6173
0.8114 -0.8169 0.6310
0.8282 -0.8232 0.6456
0.8446 -0.8296 0.6599
0.8604 -0.8360 0.6742
0.8755 -0.8422 0.6881
0.8969 -0.8489 0.7057
0.9186 -0.8560 0.7238
0.9398 -0.8635 0.7424
0.9601 -0.8713 0.7610
0.9784 -0.8793 0.7793
0.9939 -0.8873 0.7965
1.0063 -0.8950 0.8123
1.0158 -0.9024 0.8264
1.0226 -0.9090 0.8386
1.0275 -0.9151 0.8494
1.0307 -0.9205 0.8588
1.0324 -0.9249 0.8666
1.0330 -0.9286 0.8730
1.0329 -0.9331 0.8796
1.0329 -0.9331 0.8796
1.0330 -0.9331 0.8796
1.0333 -0.9331 0.8796
1.0339 -0.9331 0.8796
1.0347 -0.9331 0.8796
1.0356 -0.9331 0.8796
1.0368 -0.9331 0.8796
1.0383 -0.9331 0.8796
1.0399 -0.9331 0.8796
1.0417 -0.9331 0.8796
1.0438 -0.9331 0.8797
1.0460 -0.9331 0.8797
1.0485 -0.9331 0.8798
1.0511 -0.9331 0.8799
1.0540 -0.9331 0.8800
1.0571 -0.9331 0.8801
1.0604 -0.9331 0.8802
1.0638 -0.9331 0.8804
1.0675 -0.9331 0.8806
1.0714 -0.9331 0.8808
1.0754 -0.9331 0.8811
1.0797 -0.9331 0.8814
1.0841 -0.9331 0.8818
1.0887 -0.9331 0.8822
1.0935 -0.9331 0.8827
1.0985 -0.9331 0.8833
1.1037 -0.9331 0.8839
1.1090 -0.9331 0.8845
1.1146 -0.9331 0.8853
1.1203 -0.9331 0.8861
1.1261 -0.9331 0.8870
1.1322 -0.9331 0.8880
1.1384 -0.9331 0.8891
1.1448 -0.9331 0.8903
1.1513 -0.9331 0.8916
1.1580 -0.9331 0.8930
1.1648 -0.9331 0.8946
1.1718 -0.9331 0.8962
1.1789 -0.9331 0.8980
1.1862 -0.9331 0.8999
1.1936 -0.9331 0.9020
1.2011 -0.9331 0.9042
1.2088 -0.9331 0.9065
1.2166 -0.9331 0.9090
1.2245 -0.9331 0.9117
1.2325 -0.9331 0.9145
1.2406 -0.9331 0.9175
1.2489 -0.9331 0.9207
1.2572 -0.9331 0.9240
1.2656 -0.9331 0.9276
1.2741 -0.9331 0.9313
1.2827 -0.9331 0.9353
1.2913 -0.9331 0.9394
1.3000 -0.9331 0.9438
1.3088 -0.9331 0.9483
1.3176 -0.9331 0.9531
1.3265 -0.9331 0.9581
1.3354 -0.9331 0.9633
1.3443 -0.9331 0.9688
1.3533 -0.9331 0.9745
1.3622 -0.9331 0.9804
1.3712 -0.9331 0.9866
1.3802 -0.9331 0.9930
1.3891 -0.9331 0.9997
1.3980 -0.9331 1.0067
1.4069 -0.9331 1.0138
1.4158 -0.9331 1.0213
1.4246 -0.9331 1.0290
1.4333 -0.9331 1.0369
1.4420 -0.9331 1.0452
1.4506 -0.9331 1.0536
1.4591 -0.9331 1.0624
1.4675 -0.9331 1.0714
1.4758 -0.9331 1.0807
1.4839 -0.9331 1.0902
1.4920 -0.9331 1.1001
1.4999 -0.9331 1.1101
1.5076 -0.9331 1.1205
1.5152 -0.9331 1.1311
1.5226 -0.9331 1.1420
1.5298 -0.9331 1.1531
1.5368 -0.9331 1.1645
1.5437 -0.9331 1.1761
1.5503 -0.9331 1.1880
1.5566 -0.9331 1.2001
1.5628 -0.9331 1.2124
1.5687 -0.9331 1.2250
1.5743 -0.9331 1.2379
1.5796 -0.9331 1.2509
1.5847 -0.9331 1.2642
1.5895 -0.9331 1.2777
1.5940 -0.9331 1.2914
1.5982 -0.9331 1.3053
1.6020 -0.9331 1.3193
1.6056 -0.9331 1.3336
1.6087 -0.9331 1.3480
1.6116 -0.9331 1.3626
1.6141 -0.9331 1.3774
1.6162 -0.9331 1.3923
1.6179 -0.9331 1.4073
1.6193 -0.9331 1.4225
1.6203 -0.9331 1.4377
1.6209 -0.9331 1.4531
1.6211 -0.9331 1.4686
1.6208 -0.9331 1.4841
1.6202 -0.9331 1.4997
1.6191 -0.9331 1.5154
1.6176 -0.9331 1.5311
1.6157 -0.9331 1.5468
1.6134 -0.9331 1.5625
1.6106 -0.9331 1.5783
1.6073 -0.9331 1.5940
1.6037 -0.9331 1.6097
1.5995 -0.9331 1.6253
1.5950 -0.9331 1.6409
1.5900 -0.9331 1.6565
1.5845 -0.9331 1.6719
1.5786 -0.9331 1.6873
1.5722 -0.9331 1.7025
1.5654 -0.9331 1.7176
1.5581 -0.9331 1.7325
1.5504 -0.9331 1.7473
1.5422 -0.9331 1.7619
1.5336 -0.9331 1.7763
1.5246 -0.9331 1.7905
1.5151 -0.9331 1.8045
1.5052 -0.9331 1.8182
1.4949 -0.9331 1.8317
1.4842 -0.9331 1.8449
1.4731 -0.9331 1.8579
1.4615 -0.9331 1.8705
1.4496 -0.9331 1.8828
1.4373 -0.9331 1.8948
1.4246 -0.9331 1.9065
1.4116 -0.9331 1.9178
1.3982 -0.9331 1.9287
1.3844 -0.9331 1.9393
1.3703 -0.9331 1.9495
1.3559 -0.9331 1.9593
1.3412 -0.9331 1.9686
1.3262 -0.9331 1.9775
1.3109 -0.9331 1.9860
1.2954 -0.9331 1.9941
1.2795 -0.9331 2.0017
1.2635 -0.9331 2.0088
1.2472 -0.9331 2.0155
1.2307 -0.9331 2.0216
1.2140 -0.9331 2.0273
1.1972 -0.9331 2.0325
1.1801 -0.9331 2.0372
1.1630 -0.9331 2.0413
1.1456 -0.9331 2.0450
1.1282 -0.9331 2.0481
1.1107 -0.9331 2.0507
1.0931 -0.9331 2.0528
1.0754 -0.9331 2.0544
1.0577 -0.9331 2.0554
1.0400 -0.9331 2.0559
1.0222 -0.9331 2.0558
1.0045 -0.9331 2.0552
0.9868 -0.9331 2.0541
0.9691 -0.9331 2.0524
0.9515 -0.9331 2.0502
0.9339 -0.9331 2.0475
0.9165 -0.9331 2.0443
0.8991 -0.9331 2.0405
0.8819 -0.9331 2.0362
0.8649 -0.9331 2.0314
0.8480 -0.9331 2.0261
0.8313 -0.9331 2.0203
0.8147 -0.9331 2.0139
0.7984 -0.9331 2.0071
0.7823 -0.9331 1.9998
0.7665 -0.9331 1.9921
0.7509 -0.9331 1.9839
0.7355 -0.9331 1.9752
0.7205 -0.9331 1.9661
0.7058 -0.9331 1.9565
0.6913 -0.9331 1.9466
0.6772 -0.9331 1.9362
0.6635 -0.9331 1.9254
0.6500 -0.9331 1.9142
0.6370 -0.9331 1.9027
0.6243 -0.9331 1.8908
0.6120 -0.9331 1.8785
0.6000 -0.9331 1.8659
0.5885 -0.9331 1.8530
0.5774 -0.9331 1.8398
0.5667 -0.9331 1.8263
0.5564 -0.9331 1.8125
0.5466 -0.9331 1.7985
0.5371 -0.9331 1.7842
0.5282 -0.9331 1.7697
0.5196 -0.9331 1.7549
0.5116 -0.9331 1.7400
0.5039 -0.9331 1.7249
0.4968 -0.9331 1.7096
0.4901 -0.9331 1.6942
0.4838 -0.9331 1.6786
0.4781 -0.9331 1.6629
0.4728 -0.9331 1.6471
0.4679 -0.9331 1.6312
0.4635 -0.9331 1.6152
0.4596 -0.9331 1.5992
0.4562 -0.9331 1.5831
0.4532 -0.9331 1.5670
0.4507 -0.9331 1.5509
0.4486 -0.9331 1.5348
0.4470 -0.9331 1.5187
0.4458 -0.9331 1.5026
0.4450 -0.9331 1.4865
0.4448 -0.9331 1.4706
0.4449 -0.9331 1.4546
0.4455 -0.9331 1.4388
0.4464 -0.9331 1.4231
0.4478 -0.9331 1.4074
0.4497 -0.9331 1.3919
0.4519 -0.9331 1.3765
0.4545 -0.9331 1.3613
0.4574 -0.9331 1.3462
0.4608 -0.9331 1.3313
0.4645 -0.9331 1.3165
0.4686 -0.9331 1.3019
0.4730 -0.9331 1.2876
0.4778 -0.9331 1.2734
0.4829 -0.9331 1.2594
0.4883 -0.9331 1.2457
0.4940 -0.9331 1.2321
0.5000 -0.9331 1.2188
0.5063 -0.9331 1.2058
0.5129 -0.9331 1.1930
0.5197 -0.9331 1.1804
0.5268 -0.9331 1.1681
0.5342 -0.9331 1.1560
0.5417 -0.9331 1.1442
0.5495 -0.9331 1.1327
0.5575 -0.9331 1.1215
0.5657 -0.9331 1.1105
0.5741 -0.9331 1.0998
0.5826 -0.9331 1.0894
0.5913 -0.9331 1.0792
0.6002 -0.9331 1.0694
0.6092 -0.9331 1.0598
0.6184 -0.9331 1.0505
0.6276 -0.9331 1.0415
0.6370 -0.9331 1.0328
0.6465 -0.9331 1.0243
0.6560 -0.9331 1.0162
0.6657 -0.9331 1.0083
0.6754 -0.9331 1.0007
0.6851 -0.9331 0.9934
0.6950 -0.9331 0.9864
0.7048 -0.9331 0.9796
0.7147 -0.9331 0.9731
0.7246 -0.9331 0.9669
0.7345 -0.9331 0.9609
0.7444 -0.9331 0.9552
0.7543 -0.9331 0.9498
0.7642 -0.9331 0.9446
0.7740 -0.9331 0.9396
0.7838 -0.9331 0.9349
0.7936 -0.9331 0.9305
0.8034 -0.9331 0.9262
0.8130 -0.9331 0.9222
0.8226 -0.9331 0.9185
0.8322 -0.9331 0.9149
0.8416 -0.9331 0.9115
0.8510 -0.9331 0.9084
0.8603 -0.9331 0.9055
0.8695 -0.9331 0.9027
0.8786 -0.9331 0.9002
0.8876 -0.9331 0.8978
0.8964 -0.9331 0.8956
0.9052 -0.9331 0.8936
0.9138 -0.9331 0.8918
0.9223 -0.9331 0.8901
0.9307 -0.9331 0.8885
0.9389 -0.9331 0.8871
0.9470 -0.9331 0.8859
0.9549 -0.9331 0.8848
0.9627 -0.9331 0.8838
0.9703 -0.9331 0.8829
0.9778 -0.9331 0.8822
0.9851 -0.9331 0.8815
0.9923 -0.9331 0.8810
0.9993 -0.9331 0.8805
1.0061 -0.9331 0.8802
1.0128 -0.9331 0.8799
1.0192 -0.9331 0.8797
1.0255 -0.9331 0.8796
1.0317 -0.9331 0.8796
1.0376 -0.9331 0.8796
1.0434 -0.9331 0.8797
1.0434 -0.9331 0.8797
1.0497 -0.9360 0.8843
1.0543 -0.9397 0.8862
1.0587 -0.9444 0.8883
1.0614 -0.9495 0.8882
1.0646 -0.9561 0.8890
1.0684 -0.9639 0.8910
1.0726 -0.9732 0.8935
1.0771 -0.9835 0.8971
1.0807 -0.9948 0.8995
1.0861 -1.0071 0.9056
1.0909 -1.0205 0.9104
1.0982 -1.0332 0.9163
1.1070 -1.0459 0.9233
1.1153 -1.0603 0.9298
1.1261 -1.0739 0.9376
1.1347 -1.0854 0.9440
1.1437 -1.0973 0.9515
1.1530 -1.1096 0.9599
1.1626 -1.1220 0.9692
1.1729 -1.1347 0.9800
1.1833 -1.1475 0.9914
1.1937 -1.1601 1.0033
1.2047 -1.1728 1.0165
1.2156 -1.1853 1.0301
1.2263 -1.1975 1.0440
1.2375 -1.2097 1.0591
1.2484 -1.2216 1.0743
1.2592 -1.2331 1.0896
1.2696 -1.2442 1.1052
1.2804 -1.2550 1.1218
1.2909 -1.2654 1.1384
1.3010 -1.2753 1.1549
1.3114 -1.2848 1.1725
1.3214 -1.2939 1.1898
1.3310 -1.3027 1.2064
1.3401 -1.3105 1.2224
1.3496 -1.3181 1.2392
1.3585 -1.3249 1.2553
1.3667 -1.3314 1.2705
1.3743 -1.3381 1.2868
1.3814 -1.3443 1.3021
1.3879 -1.3495 1.3166
1.3947 -1.3540 1.3320
1.4007 -1.3579 1.3462
1.4059 -1.3614 1.3595
1.4100 -1.3650 1.3738
1.4137 -1.3682 1.3867
1.4169 -1.3706 1.3984
1.4195 -1.3728 1.4091
1.4215 -1.3743 1.4187
1.4231 -1.3758 1.4273
1.4242 -1.3769 1.4350
1.4251 -1.3780 1.4420
1.4257 -1.3787 1.4483
1.4261 -1.3796 1.4539
1.4263 -1.3801 1.4588
1.4263 -1.3808 1.4632
1.4263 -1.3812 1.4671
1.4262 -1.3817 1.4705
1.4260 -1.3819 1.4734
1.4257 -1.3823 1.4758
1.4255 -1.3825 1.4779
1.4252 -1.3828 1.4795
1.4249 -1.3828 1.4807
1.4245 -1.3829 1.4817
1.4240 -1.3827 1.4827
1.4238 -1.3827 1.4837
1.4235 -1.3826 1.4846
1.4233 -1.3826 1.4855
1.4230 -1.3826 1.4864
1.4227 -1.3825 1.4873
1.4223 -1.3825 1.4882
1.4220 -1.3824 1.4892
1.4215 -1.3823 1.4901
1.4211 -1.3822 1.4910
1.4205 -1.3821 1.4920
1.4199 -1.3819 1.4930
1.4191 -1.3816 1.4941
1.4180 -1.3812 1.4955
1.4136 -1.3806 1.4998
1.4136 -1.3806 1.4994
1.4136 -1.3806 1.4986
1.4136 -1.3806 1.4976
1.4136 -1.3806 1.4963
1.4136 -1.3806 1.4947
1.4136 -1.3806 1.4928
1.4135 -1.3806 1.4906
1.4135 -1.3806 1.4881
1.4134 -1.3806 1.4854
1.4133 -1.3806 1.4824
1.4132 -1.3806 1.4791
1.4130 -1.3806 1.4756
1.4128 -1.3806 1.4717
1.4126 -1.3806 1.4677
1.4123 -1.3806 1.4633
1.4119 -1.3806 1.4587
1.4115 -1.3806 1.4539
1.4110 -1.3806 1.4488
1.4104 -1.3806 1.4434
1.4098 -1.3806 1.4378
1.4090 -1.3806 1.4320
1.4081 -1.3806 1.4259
1.4071 -1.3806 1.4196
1.4060 -1.3806 1.4131
1.4048 -1.3806 1.4064
1.4034 -1.3806 1.3994
1.4019 -1.3806 1.3922
1.4002 -1.3806 1.3849
1.3984 -1.3806 1.3773
1.3963 -1.3806 1.3695
1.3941 -1.3806 1.3616
1.3917 -1.3806 1.3535
1.3891 -1.3806 1.3452
1.3863 -1.3806 1.3368
1.3832 -1.3806 1.3282
1.3799 -1.3806 1.3194
1.3764 -1.3806 1.3106
1.3726 -1.3806 1.3016
1.3686 -1.3806 1.2925
1.3643 -1.3806 1.2833
1.3597 -1.3806 1.2740
1.3548 -1.3806 1.2646
1.3496 -1.3806 1.2552
1.3442 -1.3806 1.2457
1.3384 -1.3806 1.2362
1.3323 -1.3806 1.2266
1.3259 -1.3806 1.2170
1.3192 -1.3806 1.2075
1.3121 -1.3806 1.1979
1.3047 -1.3806 1.1884
1.2969 -1.3806 1.1789
1.2888 -1.3806 1.1695
1.2804 -1.3806 1.1601
1.2716 -1.3806 1.1509
1.2624 -1.3806 1.1417
1.2529 -1.3806 1.1327
1.2431 -1.3806 1.1238
1.2329 -1.3806 1.1151
1.2223 -1.3806 1.1066
1.2114 -1.3806 1.0983
1.2001 -1.3806 1.0902
1.1885 -1.3806 1.0823
1.1765 -1.3806 1.0746
1.1642 -1.3806 1.0673
1.1516 -1.3806 1.0602
1.1386 -1.3806 1.0534
1.1253 -1.3806 1.0470
1.1117 -1.3806 1.0409
1.0978 -1.3806 1.0351
1.0837 -1.3806 1.0297
1.0692 -1.3806 1.0248
1.0545 -1.3806 1.0202
1.0395 -1.3806 1.0160
1.0243 -1.3806 1.0123
1.0088 -1.3806 1.0091
0.9931 -1.3806 1.0063
0.9773 -1.3806 1.0040
0.9612 -1.3806 1.0022
0.9450 -1.3806 1.0009
0.9287 -1.3806 1.0002
0.9122 -1.3806 1.0000
0.8957 -1.3806 1.0003
0.8790 -1.3806 1.0012
0.8623 -1.3806 1.0026
0.8456 -1.3806 1.0046
0.8288 -1.3806 1.0072
0.8120 -1.3806 1.0104
0.7953 -1.3806 1.0142
0.7786 -1.3806 1.0185
0.7621 -1.3806 1.0235
0.7456 -1.3806 1.0290
0.7292 -1.3806 1.0352
0.7130 -1.3806 1.0420
0.6970 -1.3806 1.0493
0.6812 -1.3806 1.0573
0.6656 -1.3806 1.0658
0.6503 -1.3806 1.0749
0.6352 -1.3806 1.0846
0.6205 -1.3806 1.0949
0.6061 -1.3806 1.1057
0.5920 -1.3806 1.1171
0.5783 -1.3806 1.1290
0.5651 -1.3806 1.1415
0.5522 -1.3806 1.1544
0.5398 -1.3806 1.1679
0.5279 -1.3806 1.1818
0.5165 -1.3806 1.1962
0.5055 -1.3806 1.2111
0.4951 -1.3806 1.2263
0.4853 -1.3806 1.2420
0.4760 -1.3806 1.2581
0.4674 -1.3806 1.2745
0.4593 -1.3806 1.2912
0.4518 -1.3806 1.3083
0.4450 -1.3806 1.3257
0.4388 -1.3806 1.3433
0.4333 -1.3806 1.3612
0.4284 -1.3806 1.3792
0.4242 -1.3806 1.3975
0.4207 -1.3806 1.4159
0.4179 -1.3806 1.4344
0.4158 -1.3806 1.4531
0.4144 -1.3806 1.4718
0.4137 -1.3806 1.4906
0.4137 -1.3806 1.5093
0.4144 -1.3806 1.5281
0.4158 -1.3806 1.5468
0.4179 -1.3806 1.5655
0.4207 -1.3806 1.5840
0.4242 -1.3806 1.6024
0.4284 -1.3806 1.6207
0.4333 -1.3806 1.6387
0.4388 -1.3806 1.6566
0.4450 -1.3806 1.6742
0.4518 -1.3806 1.6916
0.4593 -1.3806 1.7087
0.4674 -1.3806 1.7254
0.4760 -1.3806 1.7418
0.4853 -1.3806 1.7579
0.4951 -1.3806 1.7736
0.5055 -1.3806 1.7888
0.5165 -1.3806 1.8037
0.5279 -1.3806 1.8181
0.5398 -1.3806 1.8320
0.5522 -1.3806 1.8455
0.5651 -1.3806 1.8584
0.5783 -1.3806 1.8709
0.5920 -1.3806 1.8828
0.6061 -1.3806 1.8942
0.6205 -1.3806 1.9050
0.6352 -1.3806 1.9153
0.6503 -1.3806 1.9250
0.6656 -1.3806 1.9341
0.6812 -1.3806 1.9426
0.6970 -1.3806 1.9506
0.7130 -1.3806 1.9579
0.7292 -1.3806 1.9647
0.7456 -1.3806 1.9709
0.7621 -1.3806 1.9764
0.7786 -1.3806 1.9814
0.7953 -1.3806 1.9857
0.8120 -1.3806 1.9895
0.8288 -1.3806 1.9927
0.8456 -1.3806 1.9953
0.8623 -1.3806 1.9973
0.8790 -1.3806 1.9987
0.8957 -1.3806 1.9996
0.9122 -1.3806 1.9999
0.9287 -1.3806 1.9997
0.9450 -1.3806 1.9990
0.9612 -1.3806 1.9977
0.9773 -1.3806 1.9959
0.9931 -1.3806 1.9936
1.0088 -1.3806 1.9908
1.0243 -1.3806 1.9876
1.0395 -1.3806 1.9839
1.0545 -1.3806 1.9797
1.0692 -1.3806 1.9751
1.0837 -1.3806 1.9702
1.0978 -1.3806 1.9648
1.1117 -1.3806 1.9590
1.1253 -1.3806 1.9529
1.1386 -1.3806 1.9465
1.1516 -1.3806 1.9397
1.1642 -1.3806 1.9326
1.1765 -1.3806 1.9253
1.1885 -1.3806 1.9176
1.2001 -1.3806 1.9097
1.2114 -1.3806 1.9016
1.2223 -1.3806 1.8933
1.2329 -1.3806 1.8848
1.2431 -1.3806 1.8761
1.2529 -1.3806 1.8672
1.2624 -1.3806 1.8582
1.2716 -1.3806 1.8490
1.2804 -1.3806 1.8398
1.2888 -1.3806 1.8304
1.2969 -1.3806 1.8210
1.3047 -1.3806 1.8115
1.3121 -1.3806 1.8020
1.3192 -1.3806 1.7924
1.3259 -1.3806 1.7829
1.3323 -1.3806 1.7733
1.3384 -1.3806 1.7637
1.3442 -1.3806 1.7542
1.3496 -1.3806 1.7447
1.3548 -1.3806 1.7353
1.3597 -1.3806 1.7259
1.3643 -1.3806 1.7166
1.3686 -1.3806 1.7074
1.3726 -1.3806 1.6983
1.3764 -1.3806 1.6893
1.3799 -1.3806 1.6805
1.3832 -1.3806 1.6717
1.3863 -1.3806 1.6631
1.3891 -1.3806 1.6547
1.3917 -1.3806 1.6464
1.3941 -1.3806 1.6383
1.3963 -1.3806 1.6304
1.3984 -1.3806 1.6226
1.4002 -1.3806 1.6150
1.4019 -1.3806 1.6077
1.4034 -1.3806 1.6005
1.4048 -1.3806 1.5935
1.4060 -1.3806 1.5868
1.4071 -1.3806 1.5803
1.4081 -1.3806 1.5740
1.4090 -1.3806 1.5679
1.4098 -1.3806 1.5621
1.4104 -1.3806 1.5565
1.4110 -1.3806 1.5511
1.4115 -1.3806 1.5460
1.4119 -1.3806 1.5412
1.4123 -1.3806 1.5366
1.4126 -1.3806 1.5322
1.4128 -1.3806 1.5282
1.4130 -1.3806 1.5243
1.4132 -1.3806 1.5208
1.4133 -1.3806 1.5175
1.4134 -1.3806 1.5145
1.4135 -1.3806 1.5118
1.4135 -1.3806 1.5093
1.4136 -1.3806 1.5071
1.4136 -1.3806 1.5052
1.4136 -1.3806 1.5036
1.4136 -1.3806 1.5023
1.4136 -1.3806 1.5013
1.4136 -1.3806 1.5005
1.4136 -1.3806 1.5001
1.4136 -1.3806 1.4999
1.4136 -1.3806 1.4999
1.4136 -1.3806 1.4999
1.4211 -1.3778 1.4999
1.4287 -1.3748 1.4999
1.4372 -1.3715 1.4999
1.4468 -1.3677 1.4999
1.4577 -1.3635 1.4999
1.4697 -1.3589 1.4999
1.4828 -1.3538 1.4999
1.4969 -1.3483 1.4999
1.5113 -1.3427 1.4999
1.5256 -1.3372 1.4999
1.5394 -1.3318 1.4999
1.5525 -1.3267 1.4999
1.5650 -1.3219 1.4999
1.5767 -1.3173 1.4999
1.5878 -1.3130 1.5000
1.5986 -1.3088 1.5000
1.6092 -1.3047 1.5000
1.6196 -1.3007 1.5000
1.6297 -1.2967 1.5000
1.6422 -1.2919 1.5000
1.6550 -1.2869 1.5000
1.6680 -1.2819 1.5000
1.6808 -1.2769 1.5000
1.6931 -1.2721 1.5000
1.7044 -1.2677 1.5000
1.7145 -1.2638 1.5000
1.7234 -1.2603 1.5000
1.7312 -1.2573 1.5000
1.7378 -1.2548 1.5000
1.7434 -1.2526 1.5000
1.7479 -1.2509 1.5000
1.7500 -1.2500 1.5000
