0.7500 -1.2500 1.5000
0.7500 -1.2500 1.5000
0.7489 -1.2497 1.4935
0.7476 -1.2497 1.4868
0.7458 -1.2490 1.4769
0.7435 -1.2478 1.4638
0.7406 -1.2463 1.4475
0.7374 -1.2443 1.4283
0.7339 -1.2419 1.4066
0.7301 -1.2390 1.3826
0.7262 -1.2354 1.3566
0.7225 -1.2309 1.3311
0.7187 -1.2314 1.3054
0.7148 -1.2352 1.2791
0.7108 -1.2417 1.2526
0.7066 -1.2499 1.2261
0.7025 -1.2595 1.2003
0.6989 -1.2651 1.1776
0.6952 -1.2711 1.1545
0.6914 -1.2779 1.1311
0.6876 -1.2850 1.1073
0.6837 -1.2928 1.0834
0.6799 -1.3009 1.0595
0.6760 -1.3096 1.0357
0.6722 -1.3188 1.0121
0.6684 -1.3284 0.9888
0.6647 -1.3385 0.9660
0.6611 -1.3491 0.9436
0.6576 -1.3601 0.9218
0.6541 -1.3715 0.9008
0.6508 -1.3833 0.8805
0.6476 -1.3955 0.8610
0.6445 -1.4080 0.8424
0.6416 -1.4210 0.8247
0.6387 -1.4343 0.8080
0.6360 -1.4482 0.7922
0.6334 -1.4631 0.7771
0.6309 -1.4774 0.7624
0.6286 -1.4911 0.7486
0.6264 -1.5041 0.7358
0.6244 -1.5164 0.7239
0.6226 -1.5280 0.7129
0.6209 -1.5389 0.7029
0.6193 -1.5492 0.6938
0.6172 -1.5622 0.6816
0.6153 -1.5744 0.6710
0.6136 -1.5857 0.6617
0.6123 -1.5963 0.6538
0.6111 -1.6060 0.6470
0.6102 -1.6148 0.6412
0.6096 -1.6227 0.6365
0.6091 -1.6295 0.6326
0.6089 -1.6357 0.6294
0.6089 -1.6413 0.6267
0.6092 -1.6462 0.6246
0.6098 -1.6498 0.6233
0.6102 -1.6507 0.6232
0.6102 -1.6507 0.6232
0.6102 -1.6507 0.6232
0.6102 -1.6508 0.6232
0.6104 -1.6513 0.6235
0.6108 -1.6522 0.6238
0.6113 -1.6534 0.6243
0.6119 -1.6549 0.6249
0.6127 -1.6567 0.6257
0.6136 -1.6589 0.6266
0.6146 -1.6614 0.6276
0.6158 -1.6642 0.6288
0.6171 -1.6673 0.6301
0.6186 -1.6707 0.6316
0.6202 -1.6744 0.6332
0.6219 -1.6785 0.6350
0.6239 -1.6828 0.6369
0.6259 -1.6874 0.6389
0.6281 -1.6923 0.6411
0.6305 -1.6975 0.6435
0.6330 -1.7029 0.6461
0.6357 -1.7086 0.6488
0.6386 -1.7146 0.6516
0.6416 -1.7208 0.6546
0.6448 -1.7273 0.6578
0.6482 -1.7340 0.6612
0.6518 -1.7410 0.6648
0.6555 -1.7481 0.6685
0.6594 -1.7555 0.6724
0.6636 -1.7631 0.6766
0.6679 -1.7709 0.6809
0.6724 -1.7789 0.6854
0.6771 -1.7870 0.6901
0.6820 -1.7954 0.6950
0.6871 -1.8039 0.7001
0.6925 -1.8125 0.7055
0.6980 -1.8213 0.7110
0.7038 -1.8302 0.7168
0.7098 -1.8393 0.7228
0.7160 -1.8484 0.7290
0.7225 -1.8577 0.7355
0.7292 -1.8670 0.7422
0.7361 -1.8765 0.7491
0.7433 -1.8860 0.7563
0.7507 -1.8955 0.7637
0.7584 -1.9051 0.7714
0.7663 -1.9147 0.7793
0.7745 -1.9243 0.7875
0.7829 -1.9339 0.7959
0.7916 -1.9435 0.8046
0.8006 -1.9531 0.8136
0.8098 -1.9626 0.8228
0.8193 -1.9721 0.8322
0.8290 -1.9815 0.8420
0.8390 -1.9908 0.8520
0.8493 -2.0000 0.8623
0.8599 -2.0091 0.8728
0.8707 -2.0180 0.8836
0.8818 -2.0269 0.8947
0.8931 -2.0355 0.9061
0.9047 -2.0439 0.9177
0.9166 -2.0522 0.9296
0.9288 -2.0603 0.9417
0.9412 -2.0681 0.9541
0.9538 -2.0756 0.9668
0.9668 -2.0829 0.9797
0.9800 -2.0900 0.9929
0.9934 -2.0967 1.0063
1.0071 -2.1031 1.0200
1.0210 -2.1092 1.0339
1.0352 -2.1149 1.0481
1.0495 -2.1203 1.0625
1.0642 -2.1252 1.0771
1.0790 -2.1298 1.0919
1.0941 -2.1340 1.1070
1.1093 -2.1378 1.1222
1.1248 -2.1411 1.1377
1.1405 -2.1439 1.1534
1.1563 -2.1463 1.1692
1.1723 -2.1481 1.1852
1.1885 -2.1495 1.2014
1.2048 -2.1503 1.2177
1.2213 -2.1507 1.2342
1.2379 -2.1504 1.2508
1.2547 -2.1496 1.2676
1.2715 -2.1483 1.2844
1.2885 -2.1463 1.3014
1.3056 -2.1438 1.3184
1.3227 -2.1406 1.3355
1.3399 -2.1368 1.3527
1.3571 -2.1324 1.3699
1.3744 -2.1274 1.3872
1.3917 -2.1217 1.4045
1.4089 -2.1153 1.4218
1.4262 -2.1083 1.4391
1.4435 -2.1006 1.4563
1.4607 -2.0923 1.4735
1.4779 -2.0832 1.4907
1.4950 -2.0735 1.5078
1.5120 -2.0631 1.5248
1.5289 -2.0520 1.5417
1.5457 -2.0402 1.5585
1.5623 -2.0277 1.5751
1.5788 -2.0146 1.5916
1.5951 -2.0007 1.6079
1.6112 -1.9861 1.6240
1.6271 -1.9709 1.6399
1.6428 -1.9550 1.6556
1.6583 -1.9384 1.6710
1.6734 -1.9211 1.6862
1.6883 -1.9032 1.7011
1.7030 -1.8846 1.7157
1.7173 -1.8653 1.7300
1.7312 -1.8455 1.7440
1.7448 -1.8249 1.7576
1.7581 -1.8038 1.7709
1.7710 -1.7821 1.7837
1.7835 -1.7598 1.7962
1.7955 -1.7369 1.8083
1.8072 -1.7134 1.8199
1.8184 -1.6894 1.8311
1.8291 -1.6649 1.8419
1.8394 -1.6399 1.8521
1.8492 -1.6144 1.8619
1.8584 -1.5884 1.8712
1.8672 -1.5619 1.8799
1.8754 -1.5351 1.8882
1.8831 -1.5078 1.8959
1.8903 -1.4802 1.9030
1.8969 -1.4522 1.9096
1.9029 -1.4239 1.9156
1.9083 -1.3953 1.9210
1.9131 -1.3664 1.9259
1.9174 -1.3372 1.9301
1.9210 -1.3078 1.9337
1.9240 -1.2783 1.9367
1.9264 -1.2485 1.9391
1.9282 -1.2186 1.9409
1.9293 -1.1886 1.9420
1.9298 -1.1585 1.9425
1.9296 -1.1284 1.9423
1.9288 -1.0983 1.9415
1.9274 -1.0681 1.9401
1.9253 -1.0380 1.9380
1.9226 -1.0080 1.9353
1.9192 -0.9780 1.9319
1.9152 -0.9482 1.9279
1.9105 -0.9186 1.9232
1.9052 -0.8891 1.9179
1.8992 -0.8599 1.9120
1.8927 -0.8309 1.9054
1.8855 -0.8022 1.8982
1.8777 -0.7738 1.8904
1.8692 -0.7458 1.8820
1.8602 -0.7181 1.8729
1.8506 -0.6908 1.8633
1.8404 -0.6639 1.8531
1.8296 -0.6375 1.8423
1.8182 -0.6116 1.8310
1.8063 -0.5861 1.8191
1.7939 -0.5612 1.8066
1.7809 -0.5369 1.7937
1.7674 -0.5131 1.7802
1.7535 -0.4900 1.7662
1.7390 -0.4674 1.7517
1.7241 -0.4455 1.7368
1.7087 -0.4243 1.7214
1.6929 -0.4038 1.7056
1.6766 -0.3839 1.6894
1.6600 -0.3648 1.6727
1.6429 -0.3465 1.6557
1.6255 -0.3289 1.6383
1.6078 -0.3120 1.6206
1.5897 -0.2960 1.6025
1.5714 -0.2807 1.5842
1.5527 -0.2663 1.5655
1.5338 -0.2527 1.5466
1.5146 -0.2399 1.5274
1.4952 -0.2279 1.5080
1.4755 -0.2168 1.4884
1.4557 -0.2066 1.4686
1.4358 -0.1972 1.4486
1.4156 -0.1886 1.4285
1.3954 -0.1810 1.4082
1.3751 -0.1742 1.3879
1.3546 -0.1682 1.3675
1.3341 -0.1632 1.3470
1.3136 -0.1590 1.3264
1.2930 -0.1556 1.3059
1.2724 -0.1531 1.2853
1.2519 -0.1515 1.2648
1.2314 -0.1507 1.2443
1.2109 -0.1508 1.2238
1.1905 -0.1517 1.2034
1.1702 -0.1534 1.1831
1.1500 -0.1559 1.1629
1.1300 -0.1593 1.1429
1.1101 -0.1634 1.1230
1.0903 -0.1683 1.1032
1.0708 -0.1740 1.0837
1.0514 -0.1804 1.0643
1.0322 -0.1876 1.0451
1.0133 -0.1955 1.0262
0.9946 -0.2041 1.0075
0.9762 -0.2133 0.9891
0.9580 -0.2233 0.9709
0.9401 -0.2339 0.9530
0.9225 -0.2452 0.9355
0.9052 -0.2570 0.9182
0.8882 -0.2695 0.9012
0.8716 -0.2825 0.8846
0.8553 -0.2961 0.8682
0.8393 -0.3103 0.8523
0.8237 -0.3249 0.8367
0.8085 -0.3401 0.8214
0.7936 -0.3557 0.8066
0.7791 -0.3718 0.7921
0.7650 -0.3883 0.7780
0.7512 -0.4052 0.7642
0.7379 -0.4225 0.7509
0.7250 -0.4401 0.7380
0.7124 -0.4581 0.7254
0.7003 -0.4765 0.7133
0.6886 -0.4951 0.7016
0.6773 -0.5140 0.6903
0.6664 -0.5331 0.6794
0.6559 -0.5525 0.6689
0.6458 -0.5721 0.6588
0.6361 -0.5919 0.6491
0.6268 -0.6119 0.6399
0.6180 -0.6320 0.6310
0.6095 -0.6522 0.6225
0.6015 -0.6726 0.6145
0.5938 -0.6930 0.6068
0.5866 -0.7135 0.5996
0.5797 -0.7341 0.5927
0.5732 -0.7546 0.5863
0.5671 -0.7752 0.5802
0.5614 -0.7958 0.5745
0.5561 -0.8164 0.5691
0.5511 -0.8369 0.5642
0.5465 -0.8574 0.5595
0.5423 -0.8778 0.5553
0.5383 -0.8981 0.5514
0.5348 -0.9183 0.5478
0.5315 -0.9384 0.5446
0.5286 -0.9584 0.5417
0.5260 -0.9782 0.5391
0.5237 -0.9978 0.5368
0.5217 -1.0173 0.5348
0.5200 -1.0366 0.5331
0.5186 -1.0557 0.5317
0.5175 -1.0746 0.5305
0.5166 -1.0933 0.5296
0.5159 -1.1117 0.5290
0.5156 -1.1300 0.5286
0.5154 -1.1479 0.5285
0.5155 -1.1657 0.5285
0.5158 -1.1831 0.5288
0.5163 -1.2003 0.5293
0.5170 -1.2172 0.5300
0.5179 -1.2339 0.5309
0.5189 -1.2502 0.5320
0.5202 -1.2663 0.5332
0.5215 -1.2820 0.5346
0.5231 -1.2975 0.5361
0.5247 -1.3126 0.5378
0.5265 -1.3274 0.5396
0.5285 -1.3419 0.5415
0.5305 -1.3561 0.5435
0.5326 -1.3700 0.5457
0.5348 -1.3835 0.5479
0.5372 -1.3967 0.5502
0.5395 -1.4096 0.5526
0.5420 -1.4221 0.5550
0.5445 -1.4343 0.5575
0.5470 -1.4462 0.5600
0.5496 -1.4577 0.5626
0.5522 -1.4689 0.5652
0.5548 -1.4798 0.5679
0.5575 -1.4903 0.5705
0.5601 -1.5005 0.5731
0.5627 -1.5104 0.5758
0.5654 -1.5199 0.5784
0.5680 -1.5291 0.5810
0.5706 -1.5379 0.5836
0.5731 -1.5464 0.5862
0.5757 -1.5546 0.5887
0.5781 -1.5624 0.5912
0.5806 -1.5699 0.5936
0.5829 -1.5770 0.5959
0.5852 -1.5839 0.5982
0.5874 -1.5904 0.6005
0.5896 -1.5965 0.6026
0.5917 -1.6023 0.6047
0.5936 -1.6078 0.6067
0.5955 -1.6130 0.6086
0.5973 -1.6178 0.6103
0.5990 -1.6223 0.6120
0.6006 -1.6265 0.6136
0.6021 -1.6303 0.6151
0.6034 -1.6338 0.6165
0.6047 -1.6370 0.6177
0.6058 -1.6399 0.6188
0.6068 -1.6424 0.6198
0.6077 -1.6446 0.6207
0.6084 -1.6464 0.6215
0.6091 -1.6479 0.6221
0.6095 -1.6491 0.6226
0.6099 -1.6500 0.6229
0.6101 -1.6505 0.6231
0.6102 -1.6507 0.6232
0.6102 -1.6507 0.6232
0.6102 -1.6507 0.6232
0.6102 -1.6507 0.6232
0.6102 -1.6507 0.6232
0.6102 -1.6507 0.6232
0.6102 -1.6507 0.6232
0.6102 -1.6507 0.6232
0.6102 -1.6507 0.6232
0.6102 -1.6507 0.6232
0.6102 -1.6507 0.6232
0.6102 -1.6507 0.6232
0.6090 -1.6542 0.6218
0.6112 -1.6512 0.6232
0.6157 -1.6472 0.6266
0.6221 -1.6419 0.6316
0.6302 -1.6353 0.6380
0.6400 -1.6275 0.6457
0.6513 -1.6185 0.6549
0.6635 -1.6105 0.6649
0.6735 -1.6022 0.6729
0.6844 -1.5933 0.6818
0.6950 -1.5848 0.6905
0.7052 -1.5766 0.6990
0.7148 -1.5687 0.7071
0.7239 -1.5613 0.7147
0.7326 -1.5543 0.7220
0.7408 -1.5478 0.7288
0.7491 -1.5409 0.7357
0.7576 -1.5341 0.7428
0.7675 -1.5264 0.7509
0.7778 -1.5182 0.7594
0.7885 -1.5098 0.7683
0.7991 -1.5014 0.7771
0.8092 -1.4935 0.7855
0.8180 -1.4865 0.7930
0.8254 -1.4790 0.7993
0.8344 -1.4719 0.8071
0.8415 -1.4663 0.8133
0.8479 -1.4610 0.8189
0.8537 -1.4564 0.8240
0.8589 -1.4522 0.8286
0.8636 -1.4484 0.8327
0.8682 -1.4447 0.8369
0.8682 -1.4447 0.8369
0.8683 -1.4448 0.8369
0.8684 -1.4451 0.8371
0.8686 -1.4456 0.8373
0.8689 -1.4463 0.8375
0.8692 -1.4471 0.8379
0.8696 -1.4482 0.8383
0.8702 -1.4494 0.8388
0.8707 -1.4508 0.8394
0.8714 -1.4523 0.8401
0.8721 -1.4541 0.8408
0.8730 -1.4560 0.8416
0.8739 -1.4581 0.8425
0.8749 -1.4604 0.8435
0.8759 -1.4628 0.8446
0.8771 -1.4654 0.8458
0.8783 -1.4682 0.8470
0.8797 -1.4711 0.8483
0.8811 -1.4742 0.8498
0.8826 -1.4774 0.8513
0.8842 -1.4808 0.8529
0.8859 -1.4843 0.8546
0.8877 -1.4880 0.8564
0.8896 -1.4917 0.8583
0.8916 -1.4957 0.8603
0.8937 -1.4997 0.8623
0.8959 -1.5039 0.8645
0.8982 -1.5082 0.8668
0.9006 -1.5126 0.8693
0.9031 -1.5171 0.8718
0.9058 -1.5218 0.8744
0.9085 -1.5265 0.8772
0.9114 -1.5313 0.8800
0.9144 -1.5362 0.8830
0.9175 -1.5413 0.8861
0.9207 -1.5463 0.8894
0.9241 -1.5515 0.8927
0.9275 -1.5567 0.8962
0.9311 -1.5620 0.8998
0.9349 -1.5673 0.9035
0.9388 -1.5727 0.9074
0.9428 -1.5782 0.9114
0.9469 -1.5836 0.9156
0.9512 -1.5891 0.9199
0.9556 -1.5946 0.9243
0.9602 -1.6002 0.9288
0.9649 -1.6057 0.9336
0.9698 -1.6112 0.9384
0.9748 -1.6168 0.9434
0.9799 -1.6223 0.9486
0.9852 -1.6278 0.9539
0.9907 -1.6332 0.9593
0.9963 -1.6386 0.9649
1.0020 -1.6440 0.9706
1.0079 -1.6493 0.9765
1.0139 -1.6546 0.9826
1.0201 -1.6598 0.9888
1.0265 -1.6648 0.9951
1.0330 -1.6698 1.0016
1.0397 -1.6747 1.0083
1.0465 -1.6795 1.0151
1.0534 -1.6842 1.0221
1.0605 -1.6888 1.0292
1.0678 -1.6932 1.0364
1.0752 -1.6974 1.0438
1.0827 -1.7015 1.0514
1.0904 -1.7055 1.0590
1.0982 -1.7093 1.0669
1.1062 -1.7128 1.0748
1.1143 -1.7162 1.0829
1.1225 -1.7194 1.0912
1.1309 -1.7224 1.0995
1.1394 -1.7252 1.1080
1.1480 -1.7277 1.1166
1.1567 -1.7300 1.1254
1.1656 -1.7321 1.1342
1.1745 -1.7339 1.1432
1.1836 -1.7354 1.1523
1.1928 -1.7367 1.1614
1.2021 -1.7376 1.1707
1.2114 -1.7383 1.1801
1.2209 -1.7387 1.1895
1.2304 -1.7388 1.1990
1.2400 -1.7386 1.2087
1.2497 -1.7381 1.2183
1.2594 -1.7372 1.2281
1.2692 -1.7360 1.2379
1.2791 -1.7345 1.2477
1.2890 -1.7326 1.2576
1.2989 -1.7303 1.2675
1.3088 -1.7277 1.2775
1.3188 -1.7248 1.2874
1.3288 -1.7214 1.2974
1.3388 -1.7178 1.3074
1.3488 -1.7137 1.3174
1.3587 -1.7092 1.3273
1.3687 -1.7044 1.3373
1.3786 -1.6992 1.3472
1.3884 -1.6936 1.3571
1.3983 -1.6876 1.3669
1.4080 -1.6812 1.3767
1.4177 -1.6744 1.3864
1.4273 -1.6672 1.3960
1.4369 -1.6596 1.4055
1.4463 -1.6517 1.4149
1.4556 -1.6433 1.4243
1.4649 -1.6345 1.4335
1.4740 -1.6254 1.4426
1.4829 -1.6159 1.4515
1.4917 -1.6060 1.4603
1.5004 -1.5957 1.4690
1.5089 -1.5850 1.4775
1.5172 -1.5740 1.4858
1.5253 -1.5626 1.4939
1.5332 -1.5508 1.5019
1.5410 -1.5387 1.5096
1.5485 -1.5263 1.5171
1.5558 -1.5135 1.5244
1.5629 -1.5003 1.5315
1.5697 -1.4869 1.5383
1.5763 -1.4731 1.5449
1.5826 -1.4590 1.5512
1.5886 -1.4447 1.5573
1.5944 -1.4300 1.5630
1.5999 -1.4151 1.5685
1.6051 -1.3999 1.5738
1.6101 -1.3845 1.5787
1.6147 -1.3688 1.5833
1.6190 -1.3529 1.5876
1.6230 -1.3368 1.5916
1.6266 -1.3205 1.5952
1.6300 -1.3040 1.5986
1.6330 -1.2873 1.6016
1.6356 -1.2705 1.6042
1.6379 -1.2536 1.6065
1.6399 -1.2365 1.6085
1.6415 -1.2193 1.6101
1.6428 -1.2020 1.6114
1.6436 -1.1847 1.6123
1.6442 -1.1672 1.6128
1.6443 -1.1498 1.6130
1.6441 -1.1323 1.6127
1.6436 -1.1148 1.6122
1.6426 -1.0973 1.6112
1.6413 -1.0798 1.6099
1.6396 -1.0624 1.6082
1.6376 -1.0450 1.6062
1.6352 -1.0277 1.6038
1.6324 -1.0105 1.6010
1.6292 -0.9934 1.5978
1.6257 -0.9765 1.5943
1.6218 -0.9597 1.5904
1.6176 -0.9430 1.5862
1.6130 -0.9265 1.5816
1.6080 -0.9102 1.5766
1.6027 -0.8942 1.5713
1.5971 -0.8783 1.5657
1.5911 -0.8627 1.5597
1.5848 -0.8474 1.5534
1.5781 -0.8323 1.5468
1.5712 -0.8175 1.5398
1.5639 -0.8030 1.5325
1.5564 -0.7889 1.5250
1.5485 -0.7751 1.5171
1.5403 -0.7616 1.5089
1.5319 -0.7484 1.5005
1.5232 -0.7357 1.4918
1.5142 -0.7233 1.4828
1.5050 -0.7113 1.4736
1.4955 -0.6998 1.4641
1.4858 -0.6886 1.4544
1.4758 -0.6779 1.4445
1.4657 -0.6676 1.4343
1.4553 -0.6577 1.4240
1.4448 -0.6483 1.4134
1.4341 -0.6394 1.4027
1.4232 -0.6309 1.3918
1.4121 -0.6230 1.3807
1.4009 -0.6154 1.3695
1.3895 -0.6084 1.3582
1.3781 -0.6019 1.3467
1.3665 -0.5958 1.3351
1.3548 -0.5903 1.3234
1.3430 -0.5853 1.3116
1.3312 -0.5807 1.2998
1.3192 -0.5767 1.2879
1.3073 -0.5732 1.2759
1.2952 -0.5701 1.2639
1.2832 -0.5676 1.2518
1.2711 -0.5656 1.2397
1.2590 -0.5641 1.2277
1.2469 -0.5631 1.2156
1.2349 -0.5626 1.2035
1.2228 -0.5625 1.1915
1.2108 -0.5630 1.1795
1.1989 -0.5640 1.1675
1.1870 -0.5654 1.1556
1.1752 -0.5673 1.1438
1.1634 -0.5697 1.1321
1.1518 -0.5726 1.1204
1.1402 -0.5759 1.1089
1.1288 -0.5796 1.0974
1.1174 -0.5838 1.0861
1.1062 -0.5885 1.0749
1.0952 -0.5935 1.0638
1.0843 -0.5990 1.0529
1.0735 -0.6048 1.0421
1.0629 -0.6111 1.0315
1.0524 -0.6177 1.0211
1.0422 -0.6248 1.0108
1.0321 -0.6322 1.0007
1.0222 -0.6399 0.9908
1.0125 -0.6480 0.9812
1.0030 -0.6564 0.9717
0.9937 -0.6651 0.9624
0.9846 -0.6741 0.9533
0.9758 -0.6835 0.9444
0.9671 -0.6931 0.9358
0.9587 -0.7029 0.9274
0.9505 -0.7131 0.9192
0.9426 -0.7234 0.9112
0.9349 -0.7340 0.9035
0.9274 -0.7448 0.8960
0.9201 -0.7559 0.8888
0.9131 -0.7671 0.8818
0.9064 -0.7785 0.8750
0.8999 -0.7900 0.8685
0.8936 -0.8018 0.8623
0.8876 -0.8136 0.8562
0.8818 -0.8256 0.8505
0.8763 -0.8377 0.8449
0.8710 -0.8499 0.8397
0.8660 -0.8622 0.8346
0.8612 -0.8746 0.8298
0.8566 -0.8870 0.8253
0.8523 -0.8995 0.8210
0.8483 -0.9121 0.8169
0.8445 -0.9247 0.8131
0.8409 -0.9373 0.8095
0.8375 -0.9499 0.8062
0.8344 -0.9625 0.8030
0.8315 -0.9751 0.8001
0.8288 -0.9877 0.7975
0.8263 -1.0003 0.7950
0.8241 -1.0128 0.7928
0.8221 -1.0253 0.7907
0.8203 -1.0377 0.7889
0.8187 -1.0501 0.7873
0.8172 -1.0623 0.7859
0.8160 -1.0746 0.7847
0.8150 -1.0867 0.7837
0.8142 -1.0987 0.7828
0.8135 -1.1106 0.7822
0.8130 -1.1224 0.7817
0.8127 -1.1341 0.7813
0.8125 -1.1456 0.7812
0.8125 -1.1571 0.7812
0.8127 -1.1684 0.7814
0.8130 -1.1795 0.7817
0.8135 -1.1905 0.7821
0.8141 -1.2014 0.7827
0.8148 -1.2121 0.7835
0.8156 -1.2226 0.7843
0.8166 -1.2330 0.7853
0.8177 -1.2432 0.7864
0.8189 -1.2533 0.7876
0.8202 -1.2631 0.7889
0.8216 -1.2728 0.7903
0.8231 -1.2823 0.7917
0.8246 -1.2916 0.7933
0.8263 -1.3008 0.7950
0.8280 -1.3098 0.7967
0.8298 -1.3185 0.7985
0.8317 -1.3271 0.8003
0.8336 -1.3355 0.8023
0.8356 -1.3437 0.8042
0.8376 -1.3517 0.8062
0.8396 -1.3595 0.8083
0.8417 -1.3672 0.8104
0.8438 -1.3746 0.8125
0.8460 -1.3818 0.8147
0.8482 -1.3889 0.8168
0.8504 -1.3957 0.8190
0.8525 -1.4024 0.8212
0.8547 -1.4089 0.8234
0.8569 -1.4151 0.8256
0.8591 -1.4212 0.8278
0.8613 -1.4271 0.8300
0.8635 -1.4328 0.8322
0.8657 -1.4383 0.8343
0.8678 -1.4437 0.8365
0.8699 -1.4488 0.8386
0.8720 -1.4538 0.8407
0.8740 -1.4585 0.8427
0.8761 -1.4631 0.8447
0.8780 -1.4675 0.8467
0.8800 -1.4717 0.8486
0.8818 -1.4758 0.8505
0.8837 -1.4796 0.8523
0.8854 -1.4833 0.8541
0.8871 -1.4868 0.8558
0.8888 -1.4901 0.8574
0.8904 -1.4933 0.8590
0.8919 -1.4963 0.8606
0.8933 -1.4991 0.8620
0.8947 -1.5017 0.8634
0.8960 -1.5042 0.8647
0.8972 -1.5064 0.8659
0.8984 -1.5086 0.8670
0.8995 -1.5105 0.8681
0.9004 -1.5123 0.8691
0.9013 -1.5139 0.8700
0.9021 -1.5154 0.8708
0.9028 -1.5166 0.8715
0.9035 -1.5177 0.8721
0.9040 -1.5187 0.8726
0.9044 -1.5194 0.8731
0.9048 -1.5200 0.8734
0.9050 -1.5205 0.8737
0.9052 -1.5207 0.8738
0.9052 -1.5208 0.8739
0.9052 -1.5208 0.8739
0.9052 -1.5208 0.8739
0.9052 -1.5208 0.8739
0.9052 -1.5208 0.8739
0.9052 -1.5208 0.8739
0.9052 -1.5208 0.8739
0.9052 -1.5208 0.8739
0.9052 -1.5208 0.8739
0.9052 -1.5208 0.8739
0.9052 -1.5208 0.8739
0.9052 -1.5208 0.8739
0.9052 -1.5208 0.8739
0.9052 -1.5208 0.8739
0.9052 -1.5208 0.8739
0.9052 -1.5208 0.8739
0.9052 -1.5208 0.8739
0.9052 -1.5208 0.8739
0.9052 -1.5208 0.8739
0.9052 -1.5208 0.8739
0.9052 -1.5208 0.8739
0.9052 -1.5208 0.8739
0.9052 -1.5208 0.8739
0.9052 -1.5208 0.8739
0.9052 -1.5208 0.8739
0.9052 -1.5208 0.8739
0.9052 -1.5208 0.8739
0.9052 -1.5208 0.8739
0.9052 -1.5208 0.8739
0.9052 -1.5208 0.8739
0.9052 -1.5208 0.8739
0.8992 -1.5260 0.8730
0.8930 -1.5312 0.8723
0.8859 -1.5371 0.8717
0.8795 -1.5407 0.8708
0.8730 -1.5445 0.8702
0.8673 -1.5490 0.8702
0.8602 -1.5524 0.8697
0.8527 -1.5578 0.8702
0.8446 -1.5633 0.8708
0.8353 -1.5690 0.8714
0.8250 -1.5762 0.8724
0.8137 -1.5842 0.8737
0.8020 -1.5928 0.8751
0.7902 -1.6015 0.8766
0.7786 -1.6103 0.8781
0.7686 -1.6177 0.8790
0.7585 -1.6252 0.8799
0.7484 -1.6327 0.8809
0.7382 -1.6403 0.8820
0.7280 -1.6479 0.8831
0.7178 -1.6554 0.8843
0.7078 -1.6630 0.8855
0.6978 -1.6709 0.8868
0.6875 -1.6787 0.8880
0.6773 -1.6864 0.8893
0.6673 -1.6945 0.8907
0.6570 -1.7025 0.8919
0.6469 -1.7103 0.8931
0.6371 -1.7186 0.8946
0.6277 -1.7266 0.8959
0.6186 -1.7342 0.8972
0.6095 -1.7414 0.8983
0.6009 -1.7482 0.8993
0.5927 -1.7554 0.9004
0.5850 -1.7621 0.9015
0.5778 -1.7684 0.9025
0.5710 -1.7743 0.9034
0.5621 -1.7819 0.9046
0.5542 -1.7888 0.9057
0.5471 -1.7951 0.9066
0.5408 -1.8009 0.9073
0.5351 -1.8061 0.9079
0.5301 -1.8108 0.9084
0.5256 -1.8152 0.9088
0.5218 -1.8191 0.9090
0.5185 -1.8226 0.9093
0.5162 -1.8253 0.9095
0.5153 -1.8267 0.9097
0.5153 -1.8267 0.9097
0.5153 -1.8267 0.9097
0.5153 -1.8267 0.9097
0.5153 -1.8267 0.9097
0.5154 -1.8267 0.9096
0.5155 -1.8267 0.9093
0.5158 -1.8267 0.9089
0.5162 -1.8267 0.9082
0.5167 -1.8267 0.9073
0.5173 -1.8267 0.9063
0.5180 -1.8267 0.9051
0.5188 -1.8267 0.9037
0.5197 -1.8267 0.9021
0.5208 -1.8267 0.9003
0.5219 -1.8267 0.8984
0.5232 -1.8267 0.8963
0.5246 -1.8267 0.8940
0.5261 -1.8267 0.8916
0.5277 -1.8267 0.8890
0.5295 -1.8267 0.8862
0.5313 -1.8267 0.8833
0.5333 -1.8267 0.8802
0.5354 -1.8267 0.8770
0.5377 -1.8267 0.8736
0.5401 -1.8267 0.8700
0.5426 -1.8267 0.8664
0.5452 -1.8267 0.8626
0.5480 -1.8267 0.8586
0.5510 -1.8267 0.8546
0.5541 -1.8267 0.8504
0.5573 -1.8267 0.8460
0.5607 -1.8267 0.8416
0.5642 -1.8267 0.8371
0.5679 -1.8267 0.8324
0.5718 -1.8267 0.8277
0.5758 -1.8267 0.8228
0.5800 -1.8267 0.8179
0.5844 -1.8267 0.8128
0.5889 -1.8267 0.8077
0.5936 -1.8267 0.8026
0.5985 -1.8267 0.7973
0.6036 -1.8267 0.7920
0.6089 -1.8267 0.7866
0.6143 -1.8267 0.7812
0.6200 -1.8267 0.7758
0.6258 -1.8267 0.7703
0.6318 -1.8267 0.7647
0.6381 -1.8267 0.7592
0.6445 -1.8267 0.7536
0.6511 -1.8267 0.7480
0.6580 -1.8267 0.7425
0.6650 -1.8267 0.7369
0.6723 -1.8267 0.7313
0.6797 -1.8267 0.7258
0.6874 -1.8267 0.7203
0.6953 -1.8267 0.7149
0.7034 -1.8267 0.7094
0.7117 -1.8267 0.7041
0.7202 -1.8267 0.6988
0.7289 -1.8267 0.6936
0.7379 -1.8267 0.6884
0.7471 -1.8267 0.6834
0.7565 -1.8267 0.6784
0.7660 -1.8267 0.6736
0.7759 -1.8267 0.6689
0.7859 -1.8267 0.6643
0.7961 -1.8267 0.6598
0.8065 -1.8267 0.6555
0.8172 -1.8267 0.6513
0.8280 -1.8267 0.6473
0.8391 -1.8267 0.6435
0.8503 -1.8267 0.6398
0.8618 -1.8267 0.6364
0.8734 -1.8267 0.6331
0.8852 -1.8267 0.6301
0.8972 -1.8267 0.6272
0.9094 -1.8267 0.6246
0.9217 -1.8267 0.6223
0.9342 -1.8267 0.6201
0.9469 -1.8267 0.6183
0.9597 -1.8267 0.6167
0.9727 -1.8267 0.6153
0.9858 -1.8267 0.6143
0.9990 -1.8267 0.6135
1.0124 -1.8267 0.6131
1.0259 -1.8267 0.6129
1.0394 -1.8267 0.6130
1.0531 -1.8267 0.6135
1.0669 -1.8267 0.6143
1.0808 -1.8267 0.6154
1.0947 -1.8267 0.6169
1.1087 -1.8267 0.6187
1.1227 -1.8267 0.6209
1.1368 -1.8267 0.6234
1.1509 -1.8267 0.6263
1.1651 -1.8267 0.6295
1.1792 -1.8267 0.6331
1.1933 -1.8267 0.6371
1.2075 -1.8267 0.6415
1.2216 -1.8267 0.6463
1.2356 -1.8267 0.6514
1.2496 -1.8267 0.6570
1.2635 -1.8267 0.6629
1.2774 -1.8267 0.6692
1.2911 -1.8267 0.6759
1.3047 -1.8267 0.6830
1.3183 -1.8267 0.6905
1.3317 -1.8267 0.6984
1.3449 -1.8267 0.7067
1.3580 -1.8267 0.7154
1.3709 -1.8267 0.7245
1.3836 -1.8267 0.7339
1.3961 -1.8267 0.7437
1.4084 -1.8267 0.7540
1.4204 -1.8267 0.7646
1.4323 -1.8267 0.7755
1.4438 -1.8267 0.7869
1.4551 -1.8267 0.7986
1.4661 -1.8267 0.8106
1.4768 -1.8267 0.8230
1.4872 -1.8267 0.8358
1.4973 -1.8267 0.8488
1.5070 -1.8267 0.8623
1.5164 -1.8267 0.8760
1.5254 -1.8267 0.8900
1.5340 -1.8267 0.9043
1.5423 -1.8267 0.9189
1.5502 -1.8267 0.9338
1.5576 -1.8267 0.9489
1.5646 -1.8267 0.9643
1.5713 -1.8267 0.9800
1.5774 -1.8267 0.9958
1.5831 -1.8267 1.0119
1.5884 -1.8267 1.0282
1.5932 -1.8267 1.0447
1.5975 -1.8267 1.0613
1.6014 -1.8267 1.0781
1.6048 -1.8267 1.0950
1.6076 -1.8267 1.1121
1.6100 -1.8267 1.1293
1.6119 -1.8267 1.1466
1.6132 -1.8267 1.1639
1.6141 -1.8267 1.1813
1.6144 -1.8267 1.1988
1.6142 -1.8267 1.2163
1.6135 -1.8267 1.2338
1.6122 -1.8267 1.2513
1.6105 -1.8267 1.2688
1.6082 -1.8267 1.2862
1.6054 -1.8267 1.3036
1.6021 -1.8267 1.3209
1.5982 -1.8267 1.3381
1.5938 -1.8267 1.3552
1.5889 -1.8267 1.3722
1.5835 -1.8267 1.3891
1.5776 -1.8267 1.4057
1.5712 -1.8267 1.4223
1.5643 -1.8267 1.4386
1.5569 -1.8267 1.4547
1.5490 -1.8267 1.4706
1.5406 -1.8267 1.4862
1.5318 -1.8267 1.5016
1.5225 -1.8267 1.5168
1.5127 -1.8267 1.5316
1.5025 -1.8267 1.5461
1.4919 -1.8267 1.5603
1.4808 -1.8267 1.5742
1.4694 -1.8267 1.5878
1.4575 -1.8267 1.6010
1.4453 -1.8267 1.6138
1.4326 -1.8267 1.6262
1.4196 -1.8267 1.6383
1.4063 -1.8267 1.6499
1.3926 -1.8267 1.6611
1.3786 -1.8267 1.6719
1.3643 -1.8267 1.6823
1.3498 -1.8267 1.6922
1.3349 -1.8267 1.7017
1.3198 -1.8267 1.7107
1.3044 -1.8267 1.7193
1.2888 -1.8267 1.7274
1.2730 -1.8267 1.7350
1.2570 -1.8267 1.7421
1.2408 -1.8267 1.7487
1.2244 -1.8267 1.7548
1.2079 -1.8267 1.7605
1.1913 -1.8267 1.7656
1.1746 -1.8267 1.7702
1.1577 -1.8267 1.7743
1.1408 -1.8267 1.7780
1.1238 -1.8267 1.7811
1.1068 -1.8267 1.7837
1.0897 -1.8267 1.7858
1.0726 -1.8267 1.7874
1.0556 -1.8267 1.7885
1.0385 -1.8267 1.7891
1.0215 -1.8267 1.7892
1.0045 -1.8267 1.7888
0.9876 -1.8267 1.7880
0.9708 -1.8267 1.7866
0.9541 -1.8267 1.7848
0.9374 -1.8267 1.7825
0.9209 -1.8267 1.7797
0.9046 -1.8267 1.7765
0.8884 -1.8267 1.7728
0.8723 -1.8267 1.7687
0.8565 -1.8267 1.7642
0.8408 -1.8267 1.7592
0.8253 -1.8267 1.7538
0.8101 -1.8267 1.7481
0.7950 -1.8267 1.7419
0.7802 -1.8267 1.7353
0.7657 -1.8267 1.7284
0.7514 -1.8267 1.7210
0.7373 -1.8267 1.7134
0.7236 -1.8267 1.7054
0.7101 -1.8267 1.6970
0.6969 -1.8267 1.6884
0.6840 -1.8267 1.6794
0.6715 -1.8267 1.6702
0.6592 -1.8267 1.6606
0.6472 -1.8267 1.6508
0.6356 -1.8267 1.6408
0.6243 -1.8267 1.6305
0.6133 -1.8267 1.6199
0.6027 -1.8267 1.6092
0.5924 -1.8267 1.5982
0.5824 -1.8267 1.5870
0.5728 -1.8267 1.5757
0.5635 -1.8267 1.5642
0.5546 -1.8267 1.5525
0.5460 -1.8267 1.5407
0.5378 -1.8267 1.5288
0.5299 -1.8267 1.5167
0.5224 -1.8267 1.5045
0.5152 -1.8267 1.4923
0.5084 -1.8267 1.4799
0.5019 -1.8267 1.4675
0.4957 -1.8267 1.4550
0.4899 -1.8267 1.4425
0.4844 -1.8267 1.4300
0.4793 -1.8267 1.4174
0.4745 -1.8267 1.4048
0.4700 -1.8267 1.3922
0.4658 -1.8267 1.3796
0.4620 -1.8267 1.3670
0.4584 -1.8267 1.3545
0.4552 -1.8267 1.3420
0.4523 -1.8267 1.3295
0.4496 -1.8267 1.3171
0.4473 -1.8267 1.3048
0.4452 -1.8267 1.2925
0.4434 -1.8267 1.2803
0.4419 -1.8267 1.2682
0.4407 -1.8267 1.2562
0.4397 -1.8267 1.2443
0.4389 -1.8267 1.2325
0.4384 -1.8267 1.2208
0.4381 -1.8267 1.2093
0.4381 -1.8267 1.1978
0.4383 -1.8267 1.1865
0.4386 -1.8267 1.1754
0.4392 -1.8267 1.1644
0.4400 -1.8267 1.1535
0.4410 -1.8267 1.1428
0.4421 -1.8267 1.1322
0.4434 -1.8267 1.1219
0.4449 -1.8267 1.1116
0.4465 -1.8267 1.1016
0.4483 -1.8267 1.0917
0.4503 -1.8267 1.0820
0.4523 -1.8267 1.0725
0.4545 -1.8267 1.0632
0.4568 -1.8267 1.0540
0.4592 -1.8267 1.0450
0.4616 -1.8267 1.0362
0.4642 -1.8267 1.0276
0.4669 -1.8267 1.0192
0.4696 -1.8267 1.0110
0.4724 -1.8267 1.0030
0.4753 -1.8267 0.9951
0.4782 -1.8267 0.9875
0.4812 -1.8267 0.9801
0.4842 -1.8267 0.9728
0.4872 -1.8267 0.9657
0.4903 -1.8267 0.9589
0.4933 -1.8267 0.9522
0.4964 -1.8267 0.9457
0.4995 -1.8267 0.9394
0.5026 -1.8267 0.9333
0.5056 -1.8267 0.9274
0.5087 -1.8267 0.9217
0.5117 -1.8267 0.9162
0.5147 -1.8267 0.9108
0.5176 -1.8267 0.9057
0.5206 -1.8267 0.9007
0.5206 -1.8267 0.9007
0.5164 -1.8328 0.9046
0.5113 -1.8407 0.9096
0.5051 -1.8478 0.9103
0.4990 -1.8577 0.9152
0.4921 -1.8676 0.9175
0.4858 -1.8800 0.9237
0.4789 -1.8927 0.9276
0.4726 -1.9075 0.9352
0.4657 -1.9230 0.9411
0.4596 -1.9399 0.9505
0.4531 -1.9579 0.9586
0.4477 -1.9765 0.9704
0.4430 -1.9959 0.9846
0.4384 -2.0155 0.9978
0.4346 -2.0344 1.0128
0.4301 -2.0505 1.0246
0.4258 -2.0668 1.0370
0.4216 -2.0832 1.0499
0.4177 -2.0996 1.0632
0.4139 -2.1160 1.0770
0.4105 -2.1326 1.0917
0.4073 -2.1489 1.1065
0.4043 -2.1650 1.1215
0.4015 -2.1807 1.1365
0.3991 -2.1963 1.1524
0.3969 -2.2115 1.1682
0.3949 -2.2262 1.1839
0.3932 -2.2402 1.1994
0.3919 -2.2541 1.2159
0.3907 -2.2673 1.2320
0.3898 -2.2798 1.2477
0.3891 -2.2915 1.2630
0.3889 -2.3027 1.2794
0.3888 -2.3131 1.2952
0.3890 -2.3227 1.3103
0.3894 -2.3313 1.3248
0.3904 -2.3392 1.3400
0.3913 -2.3465 1.3542
0.3922 -2.3530 1.3674
0.3931 -2.3587 1.3797
0.3941 -2.3637 1.3910
0.3950 -2.3679 1.4014
0.3963 -2.3713 1.4124
0.3974 -2.3743 1.4224
0.3985 -2.3769 1.4315
0.3996 -2.3791 1.4398
0.4006 -2.3808 1.4473
0.4016 -2.3822 1.4541
0.4026 -2.3833 1.4603
0.4036 -2.3840 1.4659
0.4045 -2.3845 1.4708
0.4054 -2.3848 1.4752
0.4063 -2.3848 1.4792
0.4071 -2.3848 1.4827
0.4079 -2.3846 1.4859
0.4087 -2.3843 1.4886
0.4094 -2.3840 1.4911
0.4101 -2.3836 1.4932
0.4107 -2.3832 1.4949
0.4113 -2.3827 1.4964
0.4119 -2.3823 1.4976
0.4124 -2.3818 1.4986
0.4128 -2.3814 1.4993
0.4132 -2.3811 1.4998
0.4135 -2.3808 1.5000
0.4136 -2.3806 1.5001
0.4136 -2.3806 1.5001
0.4136 -2.3806 1.5001
0.4136 -2.3806 1.5001
0.4136 -2.3806 1.5001
0.4136 -2.3806 1.5001
0.4136 -2.3806 1.5001
0.4136 -2.3806 1.5001
0.4136 -2.3806 1.5001
0.4136 -2.3806 1.5001
0.4136 -2.3806 1.5001
0.4136 -2.3806 1.5001
0.4136 -2.3806 1.5001
0.4136 -2.3806 1.5001
0.4136 -2.3806 1.5001
0.4136 -2.3806 1.5005
0.4136 -2.3806 1.5013
0.4136 -2.3806 1.5023
0.4136 -2.3806 1.5036
0.4137 -2.3806 1.5052
0.4137 -2.3806 1.5071
0.4137 -2.3806 1.5093
0.4138 -2.3806 1.5118
0.4138 -2.3806 1.5145
0.4139 -2.3806 1.5175
0.4141 -2.3806 1.5208
0.4142 -2.3806 1.5243
0.4144 -2.3806 1.5282
0.4147 -2.3806 1.5322
0.4150 -2.3806 1.5366
0.4153 -2.3806 1.5412
0.4158 -2.3806 1.5460
0.4163 -2.3806 1.5511
0.4168 -2.3806 1.5565
0.4175 -2.3806 1.5621
0.4183 -2.3806 1.5679
0.4191 -2.3806 1.5740
0.4201 -2.3806 1.5803
0.4212 -2.3806 1.5868
0.4225 -2.3806 1.5935
0.4238 -2.3806 1.6005
0.4254 -2.3806 1.6077
0.4271 -2.3806 1.6150
0.4289 -2.3806 1.6226
0.4309 -2.3806 1.6304
0.4332 -2.3806 1.6383
0.4356 -2.3806 1.6464
0.4382 -2.3806 1.6547
0.4410 -2.3806 1.6631
0.4441 -2.3806 1.6717
0.4474 -2.3806 1.6805
0.4509 -2.3806 1.6893
0.4547 -2.3806 1.6983
0.4587 -2.3806 1.7074
0.4630 -2.3806 1.7166
0.4676 -2.3806 1.7259
0.4725 -2.3806 1.7353
0.4776 -2.3806 1.7447
0.4831 -2.3806 1.7542
0.4889 -2.3806 1.7637
0.4950 -2.3806 1.7733
0.5014 -2.3806 1.7829
0.5081 -2.3806 1.7924
0.5152 -2.3806 1.8020
0.5226 -2.3806 1.8115
0.5303 -2.3806 1.8210
0.5384 -2.3806 1.8304
0.5469 -2.3806 1.8398
0.5557 -2.3806 1.8490
0.5648 -2.3806 1.8582
0.5743 -2.3806 1.8672
0.5842 -2.3806 1.8761
0.5944 -2.3806 1.8848
0.6050 -2.3806 1.8933
0.6159 -2.3806 1.9016
0.6272 -2.3806 1.9097
0.6388 -2.3806 1.9176
0.6508 -2.3806 1.9253
0.6631 -2.3806 1.9326
0.6757 -2.3806 1.9397
0.6887 -2.3806 1.9465
0.7019 -2.3806 1.9529
0.7155 -2.3806 1.9590
0.7294 -2.3806 1.9648
0.7436 -2.3806 1.9702
0.7581 -2.3806 1.9751
0.7728 -2.3806 1.9797
0.7878 -2.3806 1.9839
0.8030 -2.3806 1.9876
0.8185 -2.3806 1.9908
0.8341 -2.3806 1.9936
0.8500 -2.3806 1.9959
0.8660 -2.3806 1.9977
0.8822 -2.3806 1.9990
0.8986 -2.3806 1.9997
0.9150 -2.3806 1.9999
0.9316 -2.3806 1.9996
0.9483 -2.3806 1.9987
0.9650 -2.3806 1.9973
0.9817 -2.3806 1.9953
0.9985 -2.3806 1.9927
1.0152 -2.3806 1.9895
1.0320 -2.3806 1.9857
1.0486 -2.3806 1.9814
1.0652 -2.3806 1.9764
1.0817 -2.3806 1.9709
1.0980 -2.3806 1.9647
1.1142 -2.3806 1.9579
1.1303 -2.3806 1.9506
1.1461 -2.3806 1.9426
1.1617 -2.3806 1.9341
1.1770 -2.3806 1.9250
1.1920 -2.3806 1.9153
1.2068 -2.3806 1.9050
1.2212 -2.3806 1.8942
1.2352 -2.3806 1.8828
1.2489 -2.3806 1.8709
1.2622 -2.3806 1.8584
1.2750 -2.3806 1.8455
1.2874 -2.3806 1.8320
1.2994 -2.3806 1.8181
1.3108 -2.3806 1.8037
1.3217 -2.3806 1.7888
1.3321 -2.3806 1.7736
1.3420 -2.3806 1.7579
1.3512 -2.3806 1.7418
1.3599 -2.3806 1.7254
1.3680 -2.3806 1.7087
1.3754 -2.3806 1.6916
1.3823 -2.3806 1.6742
1.3885 -2.3806 1.6566
1.3940 -2.3806 1.6387
1.3988 -2.3806 1.6207
1.4030 -2.3806 1.6024
1.4065 -2.3806 1.5840
1.4093 -2.3806 1.5655
1.4114 -2.3806 1.5468
1.4128 -2.3806 1.5281
1.4135 -2.3806 1.5093
1.4135 -2.3806 1.4906
1.4128 -2.3806 1.4718
1.4114 -2.3806 1.4531
1.4093 -2.3806 1.4344
1.4065 -2.3806 1.4159
1.4030 -2.3806 1.3975
1.3988 -2.3806 1.3792
1.3940 -2.3806 1.3612
1.3885 -2.3806 1.3433
1.3823 -2.3806 1.3257
1.3754 -2.3806 1.3083
1.3680 -2.3806 1.2912
1.3599 -2.3806 1.2745
1.3512 -2.3806 1.2581
1.3420 -2.3806 1.2420
1.3321 -2.3806 1.2263
1.3217 -2.3806 1.2111
1.3108 -2.3806 1.1962
1.2994 -2.3806 1.1818
1.2874 -2.3806 1.1679
1.2750 -2.3806 1.1544
1.2622 -2.3806 1.1415
1.2489 -2.3806 1.1290
1.2352 -2.3806 1.1171
1.2212 -2.3806 1.1057
1.2068 -2.3806 1.0949
1.1920 -2.3806 1.0846
1.1770 -2.3806 1.0749
1.1617 -2.3806 1.0658
1.1461 -2.3806 1.0573
1.1303 -2.3806 1.0493
1.1142 -2.3806 1.0420
1.0980 -2.3806 1.0352
1.0817 -2.3806 1.0290
1.0652 -2.3806 1.0235
1.0486 -2.3806 1.0185
1.0320 -2.3806 1.0142
1.0152 -2.3806 1.0104
0.9985 -2.3806 1.0072
0.9817 -2.3806 1.0046
0.9650 -2.3806 1.0026
0.9483 -2.3806 1.0012
0.9316 -2.3806 1.0003
0.9150 -2.3806 1.0000
0.8986 -2.3806 1.0002
0.8822 -2.3806 1.0009
0.8660 -2.3806 1.0022
0.8500 -2.3806 1.0040
0.8341 -2.3806 1.0063
0.8185 -2.3806 1.0091
0.8030 -2.3806 1.0123
0.7878 -2.3806 1.0160
0.7728 -2.3806 1.0202
0.7581 -2.3806 1.0248
0.7436 -2.3806 1.0297
0.7294 -2.3806 1.0351
0.7155 -2.3806 1.0409
0.7019 -2.3806 1.0470
0.6887 -2.3806 1.0534
0.6757 -2.3806 1.0602
0.6631 -2.3806 1.0673
0.6508 -2.3806 1.0746
0.6388 -2.3806 1.0823
0.6272 -2.3806 1.0902
0.6159 -2.3806 1.0983
0.6050 -2.3806 1.1066
0.5944 -2.3806 1.1151
0.5842 -2.3806 1.1238
0.5743 -2.3806 1.1327
0.5648 -2.3806 1.1417
0.5557 -2.3806 1.1509
0.5469 -2.3806 1.1601
0.5384 -2.3806 1.1695
0.5303 -2.3806 1.1789
0.5226 -2.3806 1.1884
0.5152 -2.3806 1.1979
0.5081 -2.3806 1.2075
0.5014 -2.3806 1.2170
0.4950 -2.3806 1.2266
0.4889 -2.3806 1.2362
0.4831 -2.3806 1.2457
0.4776 -2.3806 1.2552
0.4725 -2.3806 1.2646
0.4676 -2.3806 1.2740
0.4630 -2.3806 1.2833
0.4587 -2.3806 1.2925
0.4547 -2.3806 1.3016
0.4509 -2.3806 1.3106
0.4474 -2.3806 1.3194
0.4441 -2.3806 1.3282
0.4410 -2.3806 1.3368
0.4382 -2.3806 1.3452
0.4356 -2.3806 1.3535
0.4332 -2.3806 1.3616
0.4309 -2.3806 1.3695
0.4289 -2.3806 1.3773
0.4271 -2.3806 1.3849
0.4254 -2.3806 1.3922
0.4238 -2.3806 1.3994
0.4225 -2.3806 1.4064
0.4212 -2.3806 1.4131
0.4201 -2.3806 1.4196
0.4191 -2.3806 1.4259
0.4183 -2.3806 1.4320
0.4175 -2.3806 1.4378
0.4168 -2.3806 1.4434
0.4163 -2.3806 1.4488
0.4158 -2.3806 1.4539
0.4153 -2.3806 1.4587
0.4150 -2.3806 1.4633
0.4147 -2.3806 1.4677
0.4144 -2.3806 1.4717
0.4142 -2.3806 1.4756
0.4141 -2.3806 1.4791
0.4139 -2.3806 1.4824
0.4138 -2.3806 1.4854
0.4138 -2.3806 1.4881
0.4137 -2.3806 1.4906
0.4137 -2.3806 1.4928
0.4137 -2.3806 1.4947
0.4136 -2.3806 1.4963
0.4136 -2.3806 1.4976
0.4136 -2.3806 1.4986
0.4136 -2.3806 1.4994
0.4136 -2.3806 1.4998
0.4136 -2.3806 1.5000
0.4136 -2.3806 1.5000
0.4136 -2.3806 1.5000
0.4176 -2.3732 1.5000
0.4226 -2.3638 1.5000
0.4290 -2.3519 1.5000
0.4367 -2.3374 1.5000
0.4457 -2.3205 1.5000
0.4561 -2.3011 1.5000
0.4678 -2.2792 1.5000
0.4807 -2.2548 1.5000
0.4948 -2.2285 1.5000
0.5091 -2.2016 1.5000
0.5234 -2.1749 1.5000
0.5372 -2.1489 1.5000
0.5503 -2.1243 1.5000
0.5626 -2.1014 1.5000
0.5738 -2.0802 1.5000
0.5845 -2.0603 1.5000
0.5951 -2.0404 1.5000
0.6057 -2.0205 1.5000
0.6161 -2.0010 1.5000
0.6285 -1.9778 1.5000
0.6414 -1.9536 1.5000
0.6548 -1.9285 1.5000
0.6683 -1.9032 1.5000
0.6817 -1.8781 1.5000
0.6944 -1.8542 1.5000
0.7060 -1.8325 1.5000
0.7160 -1.8136 1.5000
0.7247 -1.7974 1.5000
0.7319 -1.7840 1.5000
0.7375 -1.7733 1.5000
0.7422 -1.7646 1.5000
0.7459 -1.7576 1.5000
