0.7500 -1.7500 1.5000
0.7500 -1.7500 1.5000
0.7499 -1.7580 1.5000
0.7499 -1.7671 1.5002
0.7499 -1.7780 1.5006
0.7500 -1.7908 1.5015
0.7501 -1.8057 1.5032
0.7502 -1.8224 1.5058
0.7503 -1.8408 1.5096
0.7506 -1.8608 1.5147
0.7505 -1.8820 1.5210
0.7519 -1.9035 1.5268
0.7525 -1.9223 1.5301
0.7568 -1.9396 1.5299
0.7600 -1.9554 1.5282
0.7666 -1.9700 1.5243
0.7722 -1.9836 1.5195
0.7771 -1.9978 1.5171
0.7828 -2.0118 1.5142
0.7893 -2.0257 1.5107
0.7950 -2.0396 1.5069
0.8017 -2.0532 1.5028
0.8092 -2.0665 1.4982
0.8176 -2.0793 1.4932
0.8268 -2.0916 1.4878
0.8367 -2.1034 1.4818
0.8472 -2.1145 1.4755
0.8584 -2.1249 1.4686
0.8701 -2.1346 1.4613
0.8823 -2.1434 1.4536
0.8949 -2.1514 1.4454
0.9080 -2.1586 1.4367
0.9214 -2.1647 1.4276
0.9350 -2.1700 1.4179
0.9491 -2.1743 1.4078
0.9634 -2.1775 1.3971
0.9778 -2.1798 1.3859
0.9917 -2.1816 1.3753
1.0068 -2.1832 1.3646
1.0212 -2.1843 1.3543
1.0351 -2.1850 1.3446
1.0481 -2.1852 1.3355
1.0622 -2.1853 1.3264
1.0753 -2.1851 1.3179
1.0904 -2.1863 1.3073
1.1080 -2.1868 1.2967
1.1236 -2.1864 1.2871
1.1396 -2.1851 1.2784
1.1557 -2.1828 1.2700
1.1697 -2.1800 1.2626
1.1818 -2.1767 1.2562
1.1920 -2.1731 1.2509
1.2006 -2.1692 1.2465
1.2078 -2.1652 1.2428
1.2137 -2.1612 1.2399
1.2184 -2.1571 1.2376
1.2218 -2.1530 1.2359
1.2226 -2.1507 1.2355
1.2226 -2.1507 1.2355
1.2227 -2.1507 1.2356
1.2232 -2.1507 1.2360
1.2239 -2.1507 1.2367
1.2248 -2.1507 1.2377
1.2261 -2.1506 1.2389
1.2276 -2.1506 1.2404
1.2293 -2.1506 1.2422
1.2314 -2.1506 1.2443
1.2337 -2.1505 1.2466
1.2363 -2.1505 1.2491
1.2391 -2.1504 1.2520
1.2422 -2.1503 1.2551
1.2455 -2.1501 1.2584
1.2491 -2.1500 1.2620
1.2530 -2.1497 1.2659
1.2571 -2.1495 1.2700
1.2615 -2.1492 1.2743
1.2661 -2.1488 1.2789
1.2709 -2.1483 1.2838
1.2760 -2.1478 1.2889
1.2813 -2.1472 1.2942
1.2869 -2.1465 1.2997
1.2927 -2.1457 1.3055
1.2987 -2.1449 1.3116
1.3050 -2.1439 1.3178
1.3115 -2.1427 1.3243
1.3182 -2.1415 1.3310
1.3251 -2.1401 1.3379
1.3322 -2.1386 1.3451
1.3396 -2.1369 1.3524
1.3471 -2.1350 1.3600
1.3549 -2.1330 1.3678
1.3629 -2.1308 1.3757
1.3710 -2.1284 1.3839
1.3794 -2.1258 1.3922
1.3879 -2.1229 1.4008
1.3967 -2.1199 1.4095
1.4056 -2.1166 1.4184
1.4146 -2.1131 1.4275
1.4239 -2.1093 1.4367
1.4333 -2.1053 1.4461
1.4428 -2.1009 1.4557
1.4525 -2.0963 1.4654
1.4624 -2.0914 1.4752
1.4724 -2.0862 1.4852
1.4825 -2.0807 1.4953
1.4927 -2.0749 1.5055
1.5030 -2.0687 1.5158
1.5135 -2.0622 1.5263
1.5240 -2.0553 1.5368
1.5346 -2.0480 1.5474
1.5454 -2.0404 1.5582
1.5561 -2.0325 1.5689
1.5670 -2.0241 1.5798
1.5779 -2.0153 1.5907
1.5888 -2.0062 1.6016
1.5998 -1.9966 1.6126
1.6108 -1.9866 1.6235
1.6218 -1.9761 1.6345
1.6328 -1.9653 1.6455
1.6437 -1.9540 1.6565
1.6547 -1.9423 1.6675
1.6657 -1.9301 1.6784
1.6765 -1.9175 1.6893
1.6874 -1.9044 1.7001
1.6981 -1.8908 1.7109
1.7088 -1.8768 1.7216
1.7194 -1.8623 1.7322
1.7299 -1.8474 1.7427
1.7403 -1.8320 1.7530
1.7505 -1.8161 1.7632
1.7606 -1.7997 1.7733
1.7705 -1.7829 1.7833
1.7803 -1.7656 1.7930
1.7898 -1.7479 1.8026
1.7992 -1.7296 1.8119
1.8084 -1.7110 1.8211
1.8173 -1.6918 1.8300
1.8260 -1.6723 1.8387
1.8344 -1.6522 1.8471
1.8426 -1.6318 1.8553
1.8505 -1.6108 1.8632
1.8581 -1.5895 1.8708
1.8653 -1.5678 1.8781
1.8723 -1.5456 1.8850
1.8789 -1.5231 1.8916
1.8852 -1.5001 1.8979
1.8911 -1.4768 1.9038
1.8967 -1.4532 1.9094
1.9018 -1.4291 1.9145
1.9066 -1.4048 1.9193
1.9109 -1.3801 1.9236
1.9149 -1.3551 1.9276
1.9183 -1.3299 1.9311
1.9214 -1.3043 1.9341
1.9240 -1.2785 1.9367
1.9261 -1.2525 1.9388
1.9278 -1.2263 1.9405
1.9289 -1.1998 1.9416
1.9296 -1.1732 1.9423
1.9298 -1.1464 1.9425
1.9295 -1.1195 1.9422
1.9286 -1.0925 1.9413
1.9272 -1.0654 1.9399
1.9253 -1.0382 1.9380
1.9229 -1.0110 1.9356
1.9199 -0.9838 1.9326
1.9163 -0.9566 1.9291
1.9123 -0.9294 1.9250
1.9076 -0.9023 1.9203
1.9024 -0.8752 1.9151
1.8967 -0.8483 1.9094
1.8904 -0.8215 1.9031
1.8835 -0.7948 1.8962
1.8761 -0.7684 1.8888
1.8681 -0.7422 1.8808
1.8596 -0.7162 1.8723
1.8505 -0.6905 1.8632
1.8408 -0.6650 1.8535
1.8306 -0.6400 1.8433
1.8199 -0.6152 1.8326
1.8086 -0.5909 1.8213
1.7968 -0.5669 1.8095
1.7845 -0.5434 1.7972
1.7716 -0.5203 1.7844
1.7583 -0.4978 1.7710
1.7444 -0.4757 1.7572
1.7301 -0.4542 1.7428
1.7153 -0.4332 1.7280
1.7000 -0.4129 1.7127
1.6842 -0.3931 1.6970
1.6681 -0.3740 1.6808
1.6514 -0.3555 1.6642
1.6344 -0.3377 1.6472
1.6170 -0.3206 1.6298
1.5992 -0.3042 1.6120
1.5810 -0.2886 1.5938
1.5625 -0.2737 1.5753
1.5436 -0.2596 1.5564
1.5244 -0.2463 1.5372
1.5050 -0.2338 1.5178
1.4852 -0.2222 1.4980
1.4652 -0.2113 1.4780
1.4449 -0.2014 1.4577
1.4244 -0.1922 1.4372
1.4037 -0.1840 1.4166
1.3828 -0.1767 1.3957
1.3618 -0.1702 1.3747
1.3406 -0.1647 1.3535
1.3193 -0.1601 1.3322
1.2979 -0.1564 1.3108
1.2765 -0.1536 1.2893
1.2549 -0.1517 1.2678
1.2334 -0.1508 1.2463
1.2118 -0.1508 1.2247
1.1903 -0.1517 1.2031
1.1687 -0.1536 1.1816
1.1473 -0.1564 1.1602
1.1259 -0.1601 1.1388
1.1046 -0.1647 1.1175
1.0834 -0.1702 1.0963
1.0624 -0.1767 1.0753
1.0415 -0.1840 1.0544
1.0208 -0.1922 1.0337
1.0003 -0.2014 1.0132
0.9800 -0.2113 0.9930
0.9600 -0.2222 0.9729
0.9402 -0.2338 0.9532
0.9208 -0.2463 0.9337
0.9016 -0.2596 0.9145
0.8827 -0.2737 0.8957
0.8642 -0.2886 0.8772
0.8460 -0.3042 0.8590
0.8282 -0.3206 0.8412
0.8108 -0.3377 0.8238
0.7938 -0.3555 0.8067
0.7771 -0.3740 0.7901
0.7610 -0.3931 0.7740
0.7452 -0.4129 0.7582
0.7299 -0.4332 0.7429
0.7151 -0.4542 0.7281
0.7008 -0.4757 0.7138
0.6869 -0.4978 0.6999
0.6736 -0.5204 0.6866
0.6607 -0.5434 0.6737
0.6484 -0.5669 0.6614
0.6366 -0.5909 0.6496
0.6253 -0.6152 0.6383
0.6146 -0.6400 0.6276
0.6044 -0.6650 0.6174
0.5947 -0.6905 0.6078
0.5857 -0.7162 0.5987
0.5771 -0.7422 0.5901
0.5691 -0.7684 0.5822
0.5617 -0.7948 0.5747
0.5548 -0.8215 0.5679
0.5485 -0.8483 0.5616
0.5428 -0.8752 0.5558
0.5376 -0.9023 0.5506
0.5329 -0.9294 0.5460
0.5289 -0.9566 0.5419
0.5253 -0.9838 0.5384
0.5223 -1.0110 0.5354
0.5199 -1.0382 0.5329
0.5180 -1.0654 0.5310
0.5166 -1.0925 0.5297
0.5158 -1.1195 0.5288
0.5154 -1.1464 0.5285
0.5156 -1.1732 0.5286
0.5163 -1.1998 0.5293
0.5174 -1.2263 0.5305
0.5191 -1.2525 0.5321
0.5212 -1.2785 0.5343
0.5238 -1.3043 0.5369
0.5269 -1.3299 0.5399
0.5304 -1.3551 0.5434
0.5343 -1.3801 0.5473
0.5386 -1.4048 0.5517
0.5434 -1.4292 0.5564
0.5485 -1.4532 0.5616
0.5541 -1.4768 0.5671
0.5600 -1.5001 0.5730
0.5663 -1.5231 0.5793
0.5729 -1.5456 0.5859
0.5799 -1.5678 0.5929
0.5872 -1.5895 0.6002
0.5947 -1.6108 0.6078
0.6026 -1.6318 0.6157
0.6108 -1.6522 0.6238
0.6192 -1.6723 0.6323
0.6279 -1.6918 0.6409
0.6368 -1.7110 0.6499
0.6460 -1.7297 0.6590
0.6554 -1.7479 0.6684
0.6649 -1.7656 0.6780
0.6747 -1.7829 0.6877
0.6846 -1.7997 0.6976
0.6947 -1.8161 0.7077
0.7049 -1.8320 0.7179
0.7153 -1.8474 0.7283
0.7258 -1.8623 0.7388
0.7364 -1.8768 0.7494
0.7471 -1.8908 0.7601
0.7578 -1.9044 0.7708
0.7687 -1.9175 0.7816
0.7796 -1.9301 0.7925
0.7905 -1.9423 0.8035
0.8015 -1.9540 0.8144
0.8124 -1.9653 0.8254
0.8234 -1.9761 0.8364
0.8345 -1.9866 0.8474
0.8454 -1.9966 0.8584
0.8564 -2.0062 0.8694
0.8673 -2.0153 0.8803
0.8782 -2.0241 0.8912
0.8891 -2.0325 0.9020
0.8999 -2.0404 0.9128
0.9106 -2.0480 0.9235
0.9212 -2.0553 0.9341
0.9317 -2.0622 0.9447
0.9422 -2.0687 0.9551
0.9525 -2.0749 0.9655
0.9627 -2.0807 0.9757
0.9728 -2.0862 0.9858
0.9828 -2.0914 0.9958
0.9927 -2.0963 1.0056
1.0024 -2.1009 1.0153
1.0119 -2.1053 1.0248
1.0213 -2.1093 1.0342
1.0306 -2.1131 1.0435
1.0396 -2.1166 1.0526
1.0485 -2.1199 1.0615
1.0573 -2.1229 1.0702
1.0658 -2.1258 1.0787
1.0742 -2.1284 1.0871
1.0823 -2.1308 1.0952
1.0903 -2.1330 1.1032
1.0981 -2.1350 1.1110
1.1056 -2.1369 1.1185
1.1130 -2.1386 1.1259
1.1201 -2.1401 1.1330
1.1270 -2.1415 1.1399
1.1338 -2.1427 1.1467
1.1402 -2.1439 1.1531
1.1465 -2.1449 1.1594
1.1525 -2.1457 1.1654
1.1583 -2.1465 1.1712
1.1639 -2.1472 1.1768
1.1692 -2.1478 1.1821
1.1743 -2.1483 1.1872
1.1792 -2.1488 1.1920
1.1838 -2.1492 1.1966
1.1881 -2.1495 1.2010
1.1922 -2.1497 1.2051
1.1961 -2.1500 1.2090
1.1997 -2.1501 1.2126
1.2030 -2.1503 1.2159
1.2061 -2.1504 1.2190
1.2089 -2.1505 1.2218
1.2115 -2.1505 1.2244
1.2138 -2.1506 1.2267
1.2159 -2.1506 1.2287
1.2176 -2.1506 1.2305
1.2192 -2.1506 1.2320
1.2204 -2.1507 1.2333
1.2214 -2.1507 1.2342
1.2220 -2.1507 1.2349
1.2225 -2.1507 1.2353
1.2226 -2.1507 1.2355
1.2226 -2.1507 1.2355
1.2226 -2.1507 1.2355
1.2226 -2.1507 1.2355
1.2226 -2.1507 1.2355
1.2226 -2.1507 1.2355
1.2226 -2.1507 1.2355
1.2226 -2.1507 1.2355
1.2226 -2.1507 1.2355
1.2226 -2.1507 1.2355
1.2226 -2.1507 1.2355
1.2226 -2.1507 1.2355
1.2242 -2.1576 1.2360
1.2238 -2.1637 1.2348
1.2238 -2.1708 1.2335
1.2239 -2.1788 1.2321
1.2241 -2.1875 1.2305
1.2243 -2.1968 1.2288
1.2245 -2.2061 1.2270
1.2248 -2.2151 1.2253
1.2252 -2.2236 1.2240
1.2254 -2.2319 1.2223
1.2257 -2.2399 1.2204
1.2259 -2.2469 1.2185
1.2261 -2.2528 1.2169
1.2262 -2.2579 1.2155
1.2264 -2.2624 1.2143
1.2266 -2.2681 1.2131
1.2267 -2.2735 1.2119
1.2268 -2.2788 1.2106
1.2270 -2.2861 1.2090
1.2273 -2.2933 1.2075
1.2275 -2.3003 1.2059
1.2278 -2.3067 1.2044
1.2280 -2.3123 1.2029
1.2282 -2.3171 1.2016
1.2283 -2.3211 1.2004
1.2283 -2.3245 1.1987
1.2284 -2.3266 1.1975
1.2284 -2.3270 1.1971
1.2284 -2.3270 1.1971
1.2284 -2.3270 1.1971
1.2284 -2.3270 1.1971
1.2284 -2.3270 1.1971
1.2284 -2.3270 1.1971
1.2286 -2.3270 1.1972
1.2291 -2.3270 1.1977
1.2298 -2.3270 1.1985
1.2309 -2.3270 1.1996
1.2323 -2.3270 1.2010
1.2340 -2.3270 1.2026
1.2360 -2.3269 1.2046
1.2383 -2.3269 1.2069
1.2409 -2.3269 1.2095
1.2438 -2.3268 1.2124
1.2470 -2.3267 1.2156
1.2505 -2.3266 1.2191
1.2542 -2.3264 1.2229
1.2583 -2.3262 1.2269
1.2626 -2.3260 1.2313
1.2673 -2.3257 1.2359
1.2722 -2.3254 1.2408
1.2773 -2.3250 1.2460
1.2828 -2.3245 1.2514
1.2885 -2.3239 1.2572
1.2945 -2.3233 1.2632
1.3008 -2.3225 1.2695
1.3074 -2.3217 1.2760
1.3142 -2.3207 1.2828
1.3212 -2.3197 1.2899
1.3285 -2.3184 1.2972
1.3361 -2.3171 1.3047
1.3439 -2.3156 1.3126
1.3520 -2.3139 1.3206
1.3603 -2.3121 1.3289
1.3688 -2.3101 1.3375
1.3776 -2.3079 1.3462
1.3866 -2.3055 1.3553
1.3959 -2.3029 1.3645
1.4053 -2.3001 1.3739
1.4150 -2.2970 1.3836
1.4249 -2.2937 1.3935
1.4349 -2.2902 1.4036
1.4452 -2.2863 1.4138
1.4557 -2.2822 1.4243
1.4664 -2.2778 1.4350
1.4772 -2.2732 1.4458
1.4882 -2.2682 1.4568
1.4994 -2.2628 1.4680
1.5107 -2.2572 1.4794
1.5222 -2.2512 1.4908
1.5339 -2.2448 1.5025
1.5456 -2.2381 1.5143
1.5575 -2.2310 1.5262
1.5696 -2.2235 1.5382
1.5817 -2.2156 1.5503
1.5939 -2.2074 1.5625
1.6062 -2.1987 1.5749
1.6187 -2.1895 1.5873
1.6311 -2.1800 1.5997
1.6437 -2.1699 1.6123
1.6563 -2.1595 1.6249
1.6689 -2.1485 1.6375
1.6815 -2.1371 1.6502
1.6942 -2.1253 1.6628
1.7069 -2.1129 1.6755
1.7196 -2.1001 1.6882
1.7322 -2.0867 1.7008
1.7448 -2.0729 1.7134
1.7574 -2.0585 1.7260
1.7699 -2.0436 1.7385
1.7824 -2.0282 1.7510
1.7947 -2.0123 1.7633
1.8070 -1.9958 1.7756
1.8191 -1.9789 1.7877
1.8312 -1.9614 1.7998
1.8430 -1.9433 1.8116
1.8548 -1.9248 1.8234
1.8663 -1.9057 1.8349
1.8777 -1.8860 1.8463
1.8888 -1.8659 1.8574
1.8998 -1.8452 1.8684
1.9105 -1.8240 1.8791
1.9210 -1.8022 1.8896
1.9312 -1.7800 1.8998
1.9411 -1.7572 1.9097
1.9508 -1.7340 1.9194
1.9601 -1.7102 1.9287
1.9691 -1.6860 1.9377
1.9778 -1.6613 1.9464
1.9861 -1.6361 1.9547
1.9941 -1.6104 1.9627
2.0017 -1.5843 1.9703
2.0089 -1.5578 1.9774
2.0156 -1.5308 1.9842
2.0220 -1.5034 1.9906
2.0279 -1.4756 1.9965
2.0333 -1.4475 2.0019
2.0383 -1.4190 2.0069
2.0428 -1.3901 2.0114
2.0469 -1.3609 2.0154
2.0504 -1.3314 2.0190
2.0534 -1.3016 2.0220
2.0558 -1.2716 2.0244
2.0578 -1.2412 2.0264
2.0592 -1.2107 2.0278
2.0600 -1.1800 2.0286
2.0602 -1.1490 2.0288
2.0599 -1.1180 2.0285
2.0590 -1.0868 2.0276
2.0575 -1.0554 2.0261
2.0554 -1.0240 2.0240
2.0527 -0.9926 2.0213
2.0494 -0.9611 2.0180
2.0454 -0.9296 2.0140
2.0409 -0.8982 2.0094
2.0357 -0.8668 2.0042
2.0298 -0.8354 1.9984
2.0234 -0.8043 1.9920
2.0163 -0.7732 1.9849
2.0085 -0.7423 1.9771
2.0001 -0.7116 1.9687
1.9911 -0.6812 1.9597
1.9815 -0.6510 1.9501
1.9712 -0.6211 1.9398
1.9603 -0.5916 1.9289
1.9488 -0.5624 1.9173
1.9366 -0.5335 1.9052
1.9238 -0.5051 1.8924
1.9104 -0.4772 1.8790
1.8964 -0.4497 1.8650
1.8819 -0.4227 1.8505
1.8667 -0.3963 1.8353
1.8509 -0.3704 1.8195
1.8346 -0.3451 1.8032
1.8178 -0.3205 1.7864
1.8004 -0.2965 1.7690
1.7824 -0.2732 1.7510
1.7640 -0.2505 1.7326
1.7450 -0.2287 1.7136
1.7256 -0.2075 1.6942
1.7056 -0.1872 1.6743
1.6853 -0.1676 1.6539
1.6645 -0.1489 1.6331
1.6433 -0.1310 1.6119
1.6216 -0.1140 1.5902
1.5996 -0.0979 1.5682
1.5773 -0.0828 1.5459
1.5546 -0.0685 1.5232
1.5315 -0.0552 1.5001
1.5082 -0.0429 1.4768
1.4846 -0.0315 1.4532
1.4607 -0.0211 1.4294
1.4367 -0.0118 1.4053
1.4124 -0.0034 1.3810
1.3879 0.0039 1.3565
1.3632 0.0101 1.3319
1.3384 0.0153 1.3071
1.3136 0.0195 1.2822
1.2886 0.0226 1.2572
1.2635 0.0246 1.2322
1.2384 0.0256 1.2071
1.2133 0.0255 1.1820
1.1882 0.0243 1.1569
1.1632 0.0220 1.1318
1.1382 0.0187 1.1068
1.1133 0.0143 1.0819
1.0884 0.0089 1.0571
1.0638 0.0024 1.0324
1.0393 -0.0052 1.0079
1.0149 -0.0137 0.9836
0.9908 -0.0234 0.9594
0.9669 -0.0340 0.9355
0.9432 -0.0456 0.9119
0.9199 -0.0583 0.8885
0.8968 -0.0719 0.8654
0.8740 -0.0864 0.8427
0.8516 -0.1019 0.8203
0.8296 -0.1184 0.7982
0.8079 -0.1357 0.7766
0.7866 -0.1540 0.7553
0.7658 -0.1731 0.7344
0.7454 -0.1930 0.7140
0.7254 -0.2138 0.6941
0.7059 -0.2354 0.6746
0.6869 -0.2577 0.6556
0.6685 -0.2808 0.6371
0.6505 -0.3046 0.6192
0.6331 -0.3291 0.6018
0.6162 -0.3543 0.5849
0.5999 -0.3801 0.5686
0.5842 -0.4065 0.5529
0.5691 -0.4335 0.5377
0.5545 -0.4611 0.5232
0.5406 -0.4892 0.5093
0.5273 -0.5177 0.4960
0.5146 -0.5468 0.4833
0.5025 -0.5762 0.4712
0.4911 -0.6061 0.4598
0.4803 -0.6363 0.4490
0.4702 -0.6669 0.4389
0.4607 -0.6978 0.4294
0.4519 -0.7290 0.4206
0.4437 -0.7604 0.4124
0.4362 -0.7920 0.4049
0.4294 -0.8238 0.3981
0.4232 -0.8557 0.3919
0.4177 -0.8878 0.3863
0.4128 -0.9199 0.3815
0.4085 -0.9521 0.3772
0.4050 -0.9844 0.3737
0.4020 -1.0166 0.3707
0.3997 -1.0488 0.3684
0.3981 -1.0810 0.3668
0.3970 -1.1131 0.3657
0.3966 -1.1450 0.3653
0.3968 -1.1769 0.3655
0.3976 -1.2085 0.3663
0.3990 -1.2400 0.3677
0.4010 -1.2713 0.3697
0.4036 -1.3023 0.3722
0.4067 -1.3331 0.3754
0.4104 -1.3636 0.3790
0.4146 -1.3937 0.3833
0.4193 -1.4236 0.3880
0.4246 -1.4531 0.3933
0.4303 -1.4823 0.3990
0.4366 -1.5110 0.4053
0.4433 -1.5394 0.4120
0.4505 -1.5673 0.4192
0.4582 -1.5948 0.4269
0.4663 -1.6219 0.4350
0.4748 -1.6485 0.4435
0.4837 -1.6746 0.4524
0.4930 -1.7002 0.4617
0.5027 -1.7254 0.4713
0.5127 -1.7500 0.4814
0.5231 -1.7741 0.4917
0.5338 -1.7977 0.5024
0.5448 -1.8207 0.5134
0.5561 -1.8432 0.5247
0.5677 -1.8652 0.5363
0.5795 -1.8866 0.5482
0.5916 -1.9074 0.5603
0.6039 -1.9277 0.5726
0.6165 -1.9474 0.5852
0.6292 -1.9666 0.5979
0.6422 -1.9852 0.6108
0.6553 -2.0032 0.6239
0.6685 -2.0206 0.6372
0.6819 -2.0375 0.6506
0.6954 -2.0538 0.6641
0.7091 -2.0695 0.6777
0.7228 -2.0847 0.6915
0.7366 -2.0993 0.7053
0.7505 -2.1134 0.7191
0.7644 -2.1270 0.7331
0.7784 -2.1399 0.7470
0.7924 -2.1524 0.7610
0.8064 -2.1643 0.7750
0.8204 -2.1757 0.7891
0.8344 -2.1866 0.8030
0.8484 -2.1970 0.8170
0.8623 -2.2069 0.8310
0.8762 -2.2163 0.8448
0.8900 -2.2252 0.8587
0.9038 -2.2337 0.8724
0.9175 -2.2417 0.8861
0.9311 -2.2493 0.8997
0.9446 -2.2564 0.9132
0.9579 -2.2631 0.9266
0.9712 -2.2693 0.9398
0.9843 -2.2752 0.9530
0.9973 -2.2807 0.9660
1.0102 -2.2858 0.9788
1.0229 -2.2905 0.9915
1.0354 -2.2949 1.0041
1.0478 -2.2989 1.0164
1.0600 -2.3026 1.0286
1.0720 -2.3060 1.0407
1.0838 -2.3091 1.0525
1.0955 -2.3119 1.0641
1.1069 -2.3144 1.0755
1.1181 -2.3166 1.0868
1.1291 -2.3186 1.0978
1.1399 -2.3203 1.1086
1.1505 -2.3218 1.1192
1.1609 -2.3231 1.1295
1.1710 -2.3242 1.1396
1.1809 -2.3251 1.1495
1.1905 -2.3258 1.1592
1.1999 -2.3263 1.1686
1.2091 -2.3267 1.1777
1.2180 -2.3269 1.1866
1.2267 -2.3270 1.1953
1.2351 -2.3270 1.2037
1.2432 -2.3268 1.2119
1.2511 -2.3266 1.2197
1.2587 -2.3262 1.2274
1.2661 -2.3258 1.2347
1.2732 -2.3253 1.2418
1.2800 -2.3247 1.2486
1.2866 -2.3241 1.2552
1.2928 -2.3235 1.2615
1.2988 -2.3228 1.2675
1.3046 -2.3221 1.2732
1.3100 -2.3213 1.2786
1.3152 -2.3206 1.2838
1.3201 -2.3198 1.2887
1.3247 -2.3191 1.2933
1.3290 -2.3184 1.2976
1.3330 -2.3177 1.3016
1.3368 -2.3170 1.3054
1.3402 -2.3163 1.3088
1.3434 -2.3157 1.3120
1.3462 -2.3151 1.3149
1.3488 -2.3146 1.3174
1.3511 -2.3141 1.3197
1.3530 -2.3137 1.3217
1.3547 -2.3134 1.3233
1.3561 -2.3131 1.3247
1.3572 -2.3128 1.3258
1.3579 -2.3126 1.3266
1.3584 -2.3125 1.3270
1.3586 -2.3125 1.3272
1.3586 -2.3125 1.3272
1.3586 -2.3125 1.3272
1.3586 -2.3125 1.3272
1.3586 -2.3125 1.3272
1.3586 -2.3125 1.3272
1.3586 -2.3125 1.3272
1.3586 -2.3125 1.3272
1.3586 -2.3125 1.3272
1.3586 -2.3125 1.3272
1.3586 -2.3125 1.3272
1.3586 -2.3125 1.3272
1.3586 -2.3125 1.3272
1.3586 -2.3125 1.3272
1.3586 -2.3125 1.3272
1.3586 -2.3125 1.3272
1.3586 -2.3125 1.3272
1.3586 -2.3125 1.3272
1.3586 -2.3125 1.3272
1.3586 -2.3125 1.3272
1.3586 -2.3125 1.3272
1.3586 -2.3125 1.3272
1.3586 -2.3125 1.3272
1.3586 -2.3125 1.3272
1.3586 -2.3125 1.3272
1.3586 -2.3125 1.3272
1.3586 -2.3125 1.3272
1.3586 -2.3125 1.3272
1.3586 -2.3125 1.3272
1.3586 -2.3125 1.3272
1.3586 -2.3125 1.3272
1.3619 -2.3091 1.3208
1.3644 -2.3083 1.3144
1.3675 -2.3074 1.3072
1.3710 -2.3086 1.3010
1.3754 -2.3091 1.2938
1.3804 -2.3086 1.2857
1.3857 -2.3094 1.2775
1.3911 -2.3092 1.2679
1.3974 -2.3092 1.2583
1.4041 -2.3094 1.2482
1.4107 -2.3078 1.2368
1.4171 -2.3063 1.2243
1.4240 -2.3013 1.2110
1.4309 -2.2964 1.1965
1.4381 -2.2881 1.1822
1.4443 -2.2819 1.1701
1.4507 -2.2751 1.1578
1.4572 -2.2675 1.1453
1.4636 -2.2591 1.1327
1.4702 -2.2497 1.1201
1.4767 -2.2396 1.1075
1.4830 -2.2289 1.0951
1.4892 -2.2172 1.0826
1.4952 -2.2050 1.0703
1.5009 -2.1925 1.0584
1.5064 -2.1791 1.0465
1.5117 -2.1655 1.0350
1.5165 -2.1518 1.0240
1.5211 -2.1371 1.0130
1.5253 -2.1226 1.0026
1.5292 -2.1081 0.9927
1.5330 -2.0928 0.9833
1.5364 -2.0778 0.9744
1.5389 -2.0621 0.9654
1.5411 -2.0468 0.9571
1.5432 -2.0308 0.9494
1.5451 -2.0155 0.9422
1.5492 -1.9965 0.9315
1.5529 -1.9767 0.9217
1.5556 -1.9559 0.9137
1.5576 -1.9349 0.9072
1.5584 -1.9156 0.9023
1.5580 -1.8980 0.8990
1.5566 -1.8823 0.8972
1.5543 -1.8688 0.8966
1.5515 -1.8576 0.8969
1.5483 -1.8481 0.8977
1.5449 -1.8403 0.8990
1.5414 -1.8341 0.9006
1.5376 -1.8293 0.9025
1.5340 -1.8267 0.9042
1.5340 -1.8267 0.9042
1.5341 -1.8267 0.9043
1.5342 -1.8267 0.9046
1.5345 -1.8267 0.9051
1.5349 -1.8267 0.9058
1.5354 -1.8267 0.9066
1.5360 -1.8267 0.9077
1.5367 -1.8267 0.9089
1.5375 -1.8267 0.9103
1.5384 -1.8267 0.9119
1.5394 -1.8267 0.9137
1.5405 -1.8267 0.9156
1.5417 -1.8267 0.9178
1.5430 -1.8267 0.9201
1.5443 -1.8267 0.9227
1.5458 -1.8267 0.9254
1.5473 -1.8267 0.9283
1.5489 -1.8267 0.9313
1.5506 -1.8267 0.9346
1.5523 -1.8267 0.9381
1.5541 -1.8267 0.9417
1.5560 -1.8267 0.9455
1.5579 -1.8267 0.9496
1.5599 -1.8267 0.9538
1.5619 -1.8267 0.9582
1.5639 -1.8267 0.9627
1.5660 -1.8267 0.9675
1.5681 -1.8267 0.9725
1.5703 -1.8267 0.9776
1.5725 -1.8267 0.9830
1.5746 -1.8267 0.9885
1.5768 -1.8267 0.9942
1.5790 -1.8267 1.0001
1.5812 -1.8267 1.0062
1.5833 -1.8267 1.0125
1.5855 -1.8267 1.0190
1.5876 -1.8267 1.0257
1.5897 -1.8267 1.0325
1.5918 -1.8267 1.0396
1.5938 -1.8267 1.0468
1.5958 -1.8267 1.0543
1.5977 -1.8267 1.0619
1.5995 -1.8267 1.0697
1.6013 -1.8267 1.0777
1.6030 -1.8267 1.0858
1.6046 -1.8267 1.0942
1.6061 -1.8267 1.1027
1.6075 -1.8267 1.1114
1.6088 -1.8267 1.1203
1.6100 -1.8267 1.1294
1.6111 -1.8267 1.1386
1.6120 -1.8267 1.1480
1.6128 -1.8267 1.1575
1.6134 -1.8267 1.1673
1.6139 -1.8267 1.1771
1.6142 -1.8267 1.1872
1.6144 -1.8267 1.1973
1.6143 -1.8267 1.2077
1.6141 -1.8267 1.2181
1.6137 -1.8267 1.2287
1.6131 -1.8267 1.2395
1.6123 -1.8267 1.2503
1.6113 -1.8267 1.2613
1.6100 -1.8267 1.2724
1.6086 -1.8267 1.2836
1.6069 -1.8267 1.2949
1.6049 -1.8267 1.3063
1.6027 -1.8267 1.3178
1.6002 -1.8267 1.3293
1.5975 -1.8267 1.3410
1.5945 -1.8267 1.3527
1.5912 -1.8267 1.3644
1.5877 -1.8267 1.3762
1.5839 -1.8267 1.3881
1.5797 -1.8267 1.3999
1.5753 -1.8267 1.4118
1.5706 -1.8267 1.4237
1.5656 -1.8267 1.4356
1.5603 -1.8267 1.4475
1.5546 -1.8267 1.4594
1.5486 -1.8267 1.4713
1.5424 -1.8267 1.4831
1.5358 -1.8267 1.4948
1.5289 -1.8267 1.5065
1.5216 -1.8267 1.5181
1.5140 -1.8267 1.5297
1.5061 -1.8267 1.5411
1.4979 -1.8267 1.5524
1.4893 -1.8267 1.5637
1.4804 -1.8267 1.5747
1.4712 -1.8267 1.5857
1.4617 -1.8267 1.5965
1.4518 -1.8267 1.6071
1.4416 -1.8267 1.6175
1.4310 -1.8267 1.6277
1.4202 -1.8267 1.6378
1.4090 -1.8267 1.6476
1.3975 -1.8267 1.6572
1.3858 -1.8267 1.6665
1.3737 -1.8267 1.6756
1.3613 -1.8267 1.6845
1.3486 -1.8267 1.6930
1.3356 -1.8267 1.7013
1.3223 -1.8267 1.7092
1.3088 -1.8267 1.7169
1.2950 -1.8267 1.7242
1.2810 -1.8267 1.7312
1.2667 -1.8267 1.7378
1.2521 -1.8267 1.7441
1.2373 -1.8267 1.7500
1.2223 -1.8267 1.7556
1.2071 -1.8267 1.7607
1.1917 -1.8267 1.7655
1.1761 -1.8267 1.7698
1.1604 -1.8267 1.7737
1.1444 -1.8267 1.7772
1.1283 -1.8267 1.7803
1.1121 -1.8267 1.7829
1.0957 -1.8267 1.7851
1.0793 -1.8267 1.7868
1.0627 -1.8267 1.7881
1.0460 -1.8267 1.7889
1.0293 -1.8267 1.7892
1.0125 -1.8267 1.7891
0.9957 -1.8267 1.7884
0.9789 -1.8267 1.7873
0.9620 -1.8267 1.7857
0.9452 -1.8267 1.7836
0.9284 -1.8267 1.7810
0.9116 -1.8267 1.7779
0.8948 -1.8267 1.7744
0.8782 -1.8267 1.7703
0.8616 -1.8267 1.7657
0.8451 -1.8267 1.7606
0.8288 -1.8267 1.7551
0.8126 -1.8267 1.7490
0.7965 -1.8267 1.7425
0.7806 -1.8267 1.7355
0.7649 -1.8267 1.7280
0.7494 -1.8267 1.7200
0.7341 -1.8267 1.7116
0.7191 -1.8267 1.7026
0.7043 -1.8267 1.6933
0.6897 -1.8267 1.6835
0.6755 -1.8267 1.6732
0.6615 -1.8267 1.6625
0.6479 -1.8267 1.6514
0.6346 -1.8267 1.6398
0.6216 -1.8267 1.6279
0.6089 -1.8267 1.6155
0.5967 -1.8267 1.6028
0.5848 -1.8267 1.5897
0.5733 -1.8267 1.5762
0.5622 -1.8267 1.5624
0.5515 -1.8267 1.5483
0.5413 -1.8267 1.5338
0.5314 -1.8267 1.5190
0.5221 -1.8267 1.5040
0.5132 -1.8267 1.4886
0.5047 -1.8267 1.4730
0.4967 -1.8267 1.4571
0.4893 -1.8267 1.4410
0.4823 -1.8267 1.4247
0.4758 -1.8267 1.4082
0.4698 -1.8267 1.3915
0.4643 -1.8267 1.3746
0.4593 -1.8267 1.3576
0.4548 -1.8267 1.3404
0.4509 -1.8267 1.3232
0.4475 -1.8267 1.3058
0.4446 -1.8267 1.2883
0.4422 -1.8267 1.2708
0.4404 -1.8267 1.2533
0.4391 -1.8267 1.2357
0.4383 -1.8267 1.2180
0.4381 -1.8267 1.2004
0.4384 -1.8267 1.1829
0.4392 -1.8267 1.1653
0.4405 -1.8267 1.1478
0.4423 -1.8267 1.1304
0.4447 -1.8267 1.1131
0.4476 -1.8267 1.0958
0.4509 -1.8267 1.0787
0.4548 -1.8267 1.0618
0.4592 -1.8267 1.0449
0.4640 -1.8267 1.0283
0.4693 -1.8267 1.0118
0.4751 -1.8267 0.9956
0.4814 -1.8267 0.9795
0.4881 -1.8267 0.9637
0.4953 -1.8267 0.9481
0.5028 -1.8267 0.9328
0.5108 -1.8267 0.9177
0.5193 -1.8267 0.9029
0.5281 -1.8267 0.8884
0.5373 -1.8267 0.8742
0.5469 -1.8267 0.8603
0.5568 -1.8267 0.8467
0.5671 -1.8267 0.8334
0.5778 -1.8267 0.8205
0.5887 -1.8267 0.8080
0.6000 -1.8267 0.7958
0.6116 -1.8267 0.7839
0.6234 -1.8267 0.7725
0.6356 -1.8267 0.7614
0.6480 -1.8267 0.7507
0.6606 -1.8267 0.7403
0.6735 -1.8267 0.7304
0.6866 -1.8267 0.7209
0.6999 -1.8267 0.7118
0.7133 -1.8267 0.7030
0.7270 -1.8267 0.6947
0.7408 -1.8267 0.6868
0.7548 -1.8267 0.6793
0.7688 -1.8267 0.6722
0.7830 -1.8267 0.6655
0.7974 -1.8267 0.6593
0.8117 -1.8267 0.6534
0.8262 -1.8267 0.6480
0.8408 -1.8267 0.6429
0.8553 -1.8267 0.6383
0.8699 -1.8267 0.6340
0.8846 -1.8267 0.6302
0.8992 -1.8267 0.6268
0.9139 -1.8267 0.6237
0.9285 -1.8267 0.6211
0.9431 -1.8267 0.6188
0.9577 -1.8267 0.6169
0.9722 -1.8267 0.6154
0.9867 -1.8267 0.6142
1.0010 -1.8267 0.6134
1.0153 -1.8267 0.6130
1.0295 -1.8267 0.6129
1.0437 -1.8267 0.6132
1.0576 -1.8267 0.6137
1.0715 -1.8267 0.6146
1.0853 -1.8267 0.6159
1.0989 -1.8267 0.6174
1.1123 -1.8267 0.6192
1.1257 -1.8267 0.6214
1.1388 -1.8267 0.6238
1.1518 -1.8267 0.6265
1.1646 -1.8267 0.6294
1.1772 -1.8267 0.6326
1.1897 -1.8267 0.6361
1.2020 -1.8267 0.6398
1.2140 -1.8267 0.6437
1.2259 -1.8267 0.6478
1.2375 -1.8267 0.6522
1.2490 -1.8267 0.6567
1.2602 -1.8267 0.6615
1.2713 -1.8267 0.6664
1.2821 -1.8267 0.6715
1.2927 -1.8267 0.6767
1.3030 -1.8267 0.6821
1.3132 -1.8267 0.6877
1.3231 -1.8267 0.6933
1.3328 -1.8267 0.6991
1.3423 -1.8267 0.7050
1.3515 -1.8267 0.7110
1.3605 -1.8267 0.7171
1.3693 -1.8267 0.7233
1.3779 -1.8267 0.7296
1.3862 -1.8267 0.7359
1.3943 -1.8267 0.7423
1.4022 -1.8267 0.7488
1.4099 -1.8267 0.7553
1.4173 -1.8267 0.7618
1.4245 -1.8267 0.7683
1.4315 -1.8267 0.7749
1.4383 -1.8267 0.7814
1.4449 -1.8267 0.7880
1.4513 -1.8267 0.7945
1.4574 -1.8267 0.8011
1.4634 -1.8267 0.8076
1.4691 -1.8267 0.8141
1.4747 -1.8267 0.8205
1.4800 -1.8267 0.8269
1.4852 -1.8267 0.8332
1.4902 -1.8267 0.8395
1.4949 -1.8267 0.8458
1.4995 -1.8267 0.8519
1.5040 -1.8267 0.8580
1.5082 -1.8267 0.8640
1.5123 -1.8267 0.8699
1.5162 -1.8267 0.8757
1.5199 -1.8267 0.8814
1.5235 -1.8267 0.8870
1.5270 -1.8267 0.8925
1.5302 -1.8267 0.8979
1.5334 -1.8267 0.9032
1.5364 -1.8267 0.9083
1.5392 -1.8267 0.9133
1.5392 -1.8267 0.9133
1.5415 -1.8336 0.9175
1.5440 -1.8422 0.9230
1.5462 -1.8530 0.9302
1.5480 -1.8657 0.9392
1.5490 -1.8802 0.9501
1.5490 -1.8962 0.9629
1.5481 -1.9136 0.9773
1.5464 -1.9321 0.9935
1.5438 -1.9515 1.0112
1.5404 -1.9712 1.0302
1.5364 -1.9908 1.0499
1.5320 -2.0096 1.0696
1.5273 -2.0276 1.0890
1.5227 -2.0447 1.1078
1.5181 -2.0608 1.1257
1.5152 -2.0763 1.1415
1.5121 -2.0918 1.1574
1.5088 -2.1073 1.1735
1.5054 -2.1228 1.1897
1.5019 -2.1381 1.2059
1.4983 -2.1533 1.2220
1.4945 -2.1681 1.2380
1.4907 -2.1827 1.2538
1.4868 -2.1968 1.2694
1.4828 -2.2106 1.2847
1.4788 -2.2239 1.2998
1.4749 -2.2368 1.3144
1.4709 -2.2491 1.3287
1.4669 -2.2608 1.3426
1.4630 -2.2720 1.3560
1.4591 -2.2823 1.3688
1.4553 -2.2920 1.3808
1.4517 -2.3009 1.3922
1.4483 -2.3090 1.4027
1.4451 -2.3165 1.4124
1.4422 -2.3233 1.4213
1.4394 -2.3296 1.4295
1.4370 -2.3353 1.4370
1.4347 -2.3405 1.4438
1.4326 -2.3452 1.4501
1.4307 -2.3495 1.4558
1.4290 -2.3535 1.4610
1.4275 -2.3570 1.4657
1.4260 -2.3603 1.4699
1.4247 -2.3632 1.4738
1.4235 -2.3659 1.4773
1.4224 -2.3682 1.4805
1.4214 -2.3704 1.4833
1.4205 -2.3723 1.4858
1.4196 -2.3739 1.4881
1.4188 -2.3753 1.4901
1.4180 -2.3766 1.4920
1.4172 -2.3777 1.4936
1.4166 -2.3786 1.4951
1.4159 -2.3793 1.4963
1.4153 -2.3799 1.4974
1.4148 -2.3803 1.4983
1.4144 -2.3806 1.4990
1.4140 -2.3807 1.4995
1.4138 -2.3807 1.4997
1.4136 -2.3806 1.4998
1.4136 -2.3806 1.4998
1.4136 -2.3806 1.4998
1.4136 -2.3806 1.4998
1.4136 -2.3806 1.4998
1.4136 -2.3806 1.4998
1.4136 -2.3806 1.4998
1.4136 -2.3806 1.4998
1.4136 -2.3806 1.4998
1.4136 -2.3806 1.4998
1.4136 -2.3806 1.4998
1.4136 -2.3806 1.4998
1.4136 -2.3806 1.4998
1.4136 -2.3806 1.4998
1.4136 -2.3806 1.4998
1.4136 -2.3806 1.4998
1.4136 -2.3806 1.4998
1.4136 -2.3806 1.4998
1.4136 -2.3806 1.4998
1.4136 -2.3806 1.4998
1.4136 -2.3806 1.4994
1.4136 -2.3806 1.4986
1.4136 -2.3806 1.4976
1.4136 -2.3806 1.4963
1.4136 -2.3806 1.4947
1.4136 -2.3806 1.4928
1.4135 -2.3806 1.4906
1.4135 -2.3806 1.4881
1.4134 -2.3806 1.4854
1.4133 -2.3806 1.4824
1.4132 -2.3806 1.4791
1.4130 -2.3806 1.4756
1.4128 -2.3806 1.4717
1.4126 -2.3806 1.4677
1.4123 -2.3806 1.4633
1.4119 -2.3806 1.4587
1.4115 -2.3806 1.4539
1.4110 -2.3806 1.4488
1.4104 -2.3806 1.4434
1.4098 -2.3806 1.4378
1.4090 -2.3806 1.4320
1.4081 -2.3806 1.4259
1.4071 -2.3806 1.4196
1.4060 -2.3806 1.4131
1.4048 -2.3806 1.4064
1.4034 -2.3806 1.3994
1.4019 -2.3806 1.3922
1.4002 -2.3806 1.3849
1.3984 -2.3806 1.3773
1.3963 -2.3806 1.3695
1.3941 -2.3806 1.3616
1.3917 -2.3806 1.3535
1.3891 -2.3806 1.3452
1.3863 -2.3806 1.3368
1.3832 -2.3806 1.3282
1.3799 -2.3806 1.3194
1.3764 -2.3806 1.3106
1.3726 -2.3806 1.3016
1.3686 -2.3806 1.2925
1.3643 -2.3806 1.2833
1.3597 -2.3806 1.2740
1.3548 -2.3806 1.2646
1.3496 -2.3806 1.2552
1.3442 -2.3806 1.2457
1.3384 -2.3806 1.2362
1.3323 -2.3806 1.2266
1.3259 -2.3806 1.2170
1.3192 -2.3806 1.2075
1.3121 -2.3806 1.1979
1.3047 -2.3806 1.1884
1.2969 -2.3806 1.1789
1.2888 -2.3806 1.1695
1.2804 -2.3806 1.1601
1.2716 -2.3806 1.1509
1.2624 -2.3806 1.1417
1.2529 -2.3806 1.1327
1.2431 -2.3806 1.1238
1.2329 -2.3806 1.1151
1.2223 -2.3806 1.1066
1.2114 -2.3806 1.0983
1.2001 -2.3806 1.0902
1.1885 -2.3806 1.0823
1.1765 -2.3806 1.0746
1.1642 -2.3806 1.0673
1.1516 -2.3806 1.0602
1.1386 -2.3806 1.0534
1.1253 -2.3806 1.0470
1.1117 -2.3806 1.0409
1.0978 -2.3806 1.0351
1.0837 -2.3806 1.0297
1.0692 -2.3806 1.0248
1.0545 -2.3806 1.0202
1.0395 -2.3806 1.0160
1.0243 -2.3806 1.0123
1.0088 -2.3806 1.0091
0.9931 -2.3806 1.0063
0.9773 -2.3806 1.0040
0.9612 -2.3806 1.0022
0.9450 -2.3806 1.0009
0.9287 -2.3806 1.0002
0.9122 -2.3806 1.0000
0.8957 -2.3806 1.0003
0.8790 -2.3806 1.0012
0.8623 -2.3806 1.0026
0.8456 -2.3806 1.0046
0.8288 -2.3806 1.0072
0.8120 -2.3806 1.0104
0.7953 -2.3806 1.0142
0.7786 -2.3806 1.0185
0.7621 -2.3806 1.0235
0.7456 -2.3806 1.0290
0.7292 -2.3806 1.0352
0.7130 -2.3806 1.0420
0.6970 -2.3806 1.0493
0.6812 -2.3806 1.0573
0.6656 -2.3806 1.0658
0.6503 -2.3806 1.0749
0.6352 -2.3806 1.0846
0.6205 -2.3806 1.0949
0.6061 -2.3806 1.1057
0.5920 -2.3806 1.1171
0.5783 -2.3806 1.1290
0.5651 -2.3806 1.1415
0.5522 -2.3806 1.1544
0.5398 -2.3806 1.1679
0.5279 -2.3806 1.1818
0.5165 -2.3806 1.1962
0.5055 -2.3806 1.2111
0.4951 -2.3806 1.2263
0.4853 -2.3806 1.2420
0.4760 -2.3806 1.2581
0.4674 -2.3806 1.2745
0.4593 -2.3806 1.2912
0.4518 -2.3806 1.3083
0.4450 -2.3806 1.3257
0.4388 -2.3806 1.3433
0.4333 -2.3806 1.3612
0.4284 -2.3806 1.3792
0.4242 -2.3806 1.3975
0.4207 -2.3806 1.4159
0.4179 -2.3806 1.4344
0.4158 -2.3806 1.4531
0.4144 -2.3806 1.4718
0.4137 -2.3806 1.4906
0.4137 -2.3806 1.5093
0.4144 -2.3806 1.5281
0.4158 -2.3806 1.5468
0.4179 -2.3806 1.5655
0.4207 -2.3806 1.5840
0.4242 -2.3806 1.6024
0.4284 -2.3806 1.6207
0.4333 -2.3806 1.6387
0.4388 -2.3806 1.6566
0.4450 -2.3806 1.6742
0.4518 -2.3806 1.6916
0.4593 -2.3806 1.7087
0.4674 -2.3806 1.7254
0.4760 -2.3806 1.7418
0.4853 -2.3806 1.7579
0.4951 -2.3806 1.7736
0.5055 -2.3806 1.7888
0.5165 -2.3806 1.8037
0.5279 -2.3806 1.8181
0.5398 -2.3806 1.8320
0.5522 -2.3806 1.8455
0.5651 -2.3806 1.8584
0.5783 -2.3806 1.8709
0.5920 -2.3806 1.8828
0.6061 -2.3806 1.8942
0.6205 -2.3806 1.9050
0.6352 -2.3806 1.9153
0.6503 -2.3806 1.9250
0.6656 -2.3806 1.9341
0.6812 -2.3806 1.9426
0.6970 -2.3806 1.9506
0.7130 -2.3806 1.9579
0.7292 -2.3806 1.9647
0.7456 -2.3806 1.9709
0.7621 -2.3806 1.9764
0.7786 -2.3806 1.9814
0.7953 -2.3806 1.9857
0.8120 -2.3806 1.9895
0.8288 -2.3806 1.9927
0.8456 -2.3806 1.9953
0.8623 -2.3806 1.9973
0.8790 -2.3806 1.9987
0.8957 -2.3806 1.9996
0.9122 -2.3806 1.9999
0.9287 -2.3806 1.9997
0.9450 -2.3806 1.9990
0.9612 -2.3806 1.9977
0.9773 -2.3806 1.9959
0.9931 -2.3806 1.9936
1.0088 -2.3806 1.9908
1.0243 -2.3806 1.9876
1.0395 -2.3806 1.9839
1.0545 -2.3806 1.9797
1.0692 -2.3806 1.9751
1.0837 -2.3806 1.9702
1.0978 -2.3806 1.9648
1.1117 -2.3806 1.9590
1.1253 -2.3806 1.9529
1.1386 -2.3806 1.9465
1.1516 -2.3806 1.9397
1.1642 -2.3806 1.9326
1.1765 -2.3806 1.9253
1.1885 -2.3806 1.9176
1.2001 -2.3806 1.9097
1.2114 -2.3806 1.9016
1.2223 -2.3806 1.8933
1.2329 -2.3806 1.8848
1.2431 -2.3806 1.8761
1.2529 -2.3806 1.8672
1.2624 -2.3806 1.8582
1.2716 -2.3806 1.8490
1.2804 -2.3806 1.8398
1.2888 -2.3806 1.8304
1.2969 -2.3806 1.8210
1.3047 -2.3806 1.8115
1.3121 -2.3806 1.8020
1.3192 -2.3806 1.7924
1.3259 -2.3806 1.7829
1.3323 -2.3806 1.7733
1.3384 -2.3806 1.7637
1.3442 -2.3806 1.7542
1.3496 -2.3806 1.7447
1.3548 -2.3806 1.7353
1.3597 -2.3806 1.7259
1.3643 -2.3806 1.7166
1.3686 -2.3806 1.7074
1.3726 -2.3806 1.6983
1.3764 -2.3806 1.6893
1.3799 -2.3806 1.6805
1.3832 -2.3806 1.6717
1.3863 -2.3806 1.6631
1.3891 -2.3806 1.6547
1.3917 -2.3806 1.6464
1.3941 -2.3806 1.6383
1.3963 -2.3806 1.6304
1.3984 -2.3806 1.6226
1.4002 -2.3806 1.6150
1.4019 -2.3806 1.6077
1.4034 -2.3806 1.6005
1.4048 -2.3806 1.5935
1.4060 -2.3806 1.5868
1.4071 -2.3806 1.5803
1.4081 -2.3806 1.5740
1.4090 -2.3806 1.5679
1.4098 -2.3806 1.5621
1.4104 -2.3806 1.5565
1.4110 -2.3806 1.5511
1.4115 -2.3806 1.5460
1.4119 -2.3806 1.5412
1.4123 -2.3806 1.5366
1.4126 -2.3806 1.5322
1.4128 -2.3806 1.5282
1.4130 -2.3806 1.5243
1.4132 -2.3806 1.5208
1.4133 -2.3806 1.5175
1.4134 -2.3806 1.5145
1.4135 -2.3806 1.5118
1.4135 -2.3806 1.5093
1.4136 -2.3806 1.5071
1.4136 -2.3806 1.5052
1.4136 -2.3806 1.5036
1.4136 -2.3806 1.5023
1.4136 -2.3806 1.5013
1.4136 -2.3806 1.5005
1.4136 -2.3806 1.5001
1.4136 -2.3806 1.4999
1.4136 -2.3806 1.4999
1.4136 -2.3806 1.4999
1.4176 -2.3732 1.4999
1.4226 -2.3638 1.4999
1.4290 -2.3519 1.4999
1.4367 -2.3374 1.4999
1.4457 -2.3205 1.4999
1.4561 -2.3011 1.4999
1.4678 -2.2792 1.4999
1.4807 -2.2548 1.4999
1.4948 -2.2285 1.4999
1.5091 -2.2016 1.4999
1.5234 -2.1749 1.4999
1.5372 -2.1489 1.4999
1.5503 -2.1243 1.4999
1.5626 -2.1014 1.4999
1.5738 -2.0802 1.4999
1.5845 -2.0603 1.5000
1.5951 -2.0404 1.5000
1.6057 -2.0205 1.5000
1.6161 -2.0010 1.5000
1.6285 -1.9778 1.5000
1.6414 -1.9536 1.5000
1.6548 -1.9285 1.5000
1.6683 -1.9032 1.5000
1.6817 -1.8781 1.5000
1.6944 -1.8542 1.5000
1.7060 -1.8325 1.5000
1.7160 -1.8136 1.5000
1.7247 -1.7974 1.5000
1.7319 -1.7840 1.5000
1.7375 -1.7733 1.5000
1.7422 -1.7646 1.5000
1.7459 -1.7576 1.5000
