1.7500 -0.7500 1.5000
1.7500 -0.7500 1.5000
1.7500 -0.7418 1.4999
1.7500 -0.7318 1.4998
1.7500 -0.7194 1.4995
1.7499 -0.7046 1.4987
1.7498 -0.6873 1.4974
1.7497 -0.6676 1.4953
1.7492 -0.6459 1.4920
1.7488 -0.6224 1.4876
1.7478 -0.5976 1.4818
1.7463 -0.5717 1.4747
1.7431 -0.5457 1.4662
1.7363 -0.5212 1.4567
1.7315 -0.4982 1.4469
1.7237 -0.4768 1.4370
1.7133 -0.4571 1.4273
1.7060 -0.4381 1.4201
1.6994 -0.4190 1.4129
1.6920 -0.4000 1.4055
1.6838 -0.3812 1.3979
1.6747 -0.3626 1.3901
1.6649 -0.3444 1.3822
1.6543 -0.3265 1.3742
1.6430 -0.3092 1.3661
1.6311 -0.2924 1.3579
1.6186 -0.2763 1.3498
1.6055 -0.2609 1.3417
1.5919 -0.2463 1.3338
1.5778 -0.2326 1.3259
1.5634 -0.2198 1.3183
1.5486 -0.2080 1.3108
1.5335 -0.1971 1.3036
1.5181 -0.1873 1.2967
1.5025 -0.1786 1.2902
1.4868 -0.1708 1.2840
1.4710 -0.1642 1.2783
1.4551 -0.1586 1.2730
1.4392 -0.1541 1.2681
1.4239 -0.1504 1.2638
1.4094 -0.1472 1.2600
1.3958 -0.1446 1.2566
1.3812 -0.1422 1.2535
1.3669 -0.1407 1.2509
1.3495 -0.1375 1.2473
1.3338 -0.1350 1.2444
1.3176 -0.1334 1.2418
1.3012 -0.1326 1.2395
1.2863 -0.1326 1.2380
1.2731 -0.1333 1.2370
1.2617 -0.1346 1.2363
1.2519 -0.1365 1.2360
1.2435 -0.1387 1.2357
1.2364 -0.1412 1.2356
1.2305 -0.1440 1.2355
1.2256 -0.1470 1.2354
1.2227 -0.1499 1.2354
1.2226 -0.1507 1.2355
1.2226 -0.1507 1.2355
1.2225 -0.1507 1.2353
1.2220 -0.1507 1.2349
1.2214 -0.1507 1.2342
1.2204 -0.1507 1.2333
1.2192 -0.1507 1.2320
1.2176 -0.1507 1.2305
1.2159 -0.1507 1.2287
1.2138 -0.1507 1.2267
1.2115 -0.1508 1.2244
1.2089 -0.1508 1.2218
1.2061 -0.1509 1.2190
1.2030 -0.1510 1.2159
1.1997 -0.1512 1.2126
1.1961 -0.1514 1.2090
1.1922 -0.1516 1.2051
1.1881 -0.1519 1.2010
1.1838 -0.1522 1.1966
1.1792 -0.1526 1.1920
1.1743 -0.1530 1.1872
1.1692 -0.1535 1.1821
1.1639 -0.1541 1.1768
1.1583 -0.1548 1.1712
1.1525 -0.1556 1.1654
1.1465 -0.1565 1.1594
1.1402 -0.1575 1.1531
1.1338 -0.1586 1.1467
1.1270 -0.1598 1.1399
1.1201 -0.1612 1.1330
1.1130 -0.1627 1.1259
1.1056 -0.1644 1.1185
1.0981 -0.1663 1.1110
1.0903 -0.1683 1.1032
1.0823 -0.1705 1.0952
1.0742 -0.1729 1.0871
1.0658 -0.1755 1.0787
1.0573 -0.1784 1.0702
1.0485 -0.1814 1.0615
1.0396 -0.1847 1.0526
1.0306 -0.1882 1.0435
1.0213 -0.1920 1.0342
1.0119 -0.1961 1.0248
1.0024 -0.2004 1.0153
0.9927 -0.2050 1.0056
0.9828 -0.2099 0.9958
0.9728 -0.2151 0.9858
0.9627 -0.2206 0.9757
0.9525 -0.2265 0.9655
0.9422 -0.2326 0.9551
0.9317 -0.2392 0.9447
0.9212 -0.2460 0.9341
0.9106 -0.2533 0.9235
0.8999 -0.2609 0.9128
0.8891 -0.2689 0.9020
0.8782 -0.2772 0.8912
0.8673 -0.2860 0.8803
0.8564 -0.2952 0.8694
0.8454 -0.3048 0.8584
0.8344 -0.3148 0.8474
0.8234 -0.3252 0.8364
0.8124 -0.3360 0.8254
0.8015 -0.3473 0.8144
0.7905 -0.3591 0.8035
0.7796 -0.3712 0.7925
0.7687 -0.3839 0.7816
0.7578 -0.3970 0.7708
0.7471 -0.4105 0.7601
0.7364 -0.4245 0.7494
0.7258 -0.4390 0.7388
0.7153 -0.4539 0.7283
0.7049 -0.4694 0.7179
0.6947 -0.4852 0.7077
0.6846 -0.5016 0.6976
0.6747 -0.5184 0.6877
0.6649 -0.5357 0.6780
0.6554 -0.5535 0.6684
0.6460 -0.5717 0.6590
0.6368 -0.5904 0.6499
0.6279 -0.6095 0.6409
0.6192 -0.6291 0.6323
0.6108 -0.6491 0.6238
0.6026 -0.6696 0.6157
0.5947 -0.6905 0.6078
0.5872 -0.7118 0.6002
0.5799 -0.7335 0.5929
0.5729 -0.7557 0.5859
0.5663 -0.7782 0.5793
0.5600 -0.8012 0.5730
0.5541 -0.8245 0.5671
0.5485 -0.8482 0.5616
0.5434 -0.8722 0.5564
0.5386 -0.8965 0.5517
0.5343 -0.9212 0.5473
0.5304 -0.9462 0.5434
0.5269 -0.9714 0.5399
0.5238 -0.9970 0.5369
0.5212 -1.0228 0.5343
0.5191 -1.0488 0.5321
0.5174 -1.0750 0.5305
0.5163 -1.1015 0.5293
0.5156 -1.1281 0.5286
0.5154 -1.1549 0.5285
0.5158 -1.1818 0.5288
0.5166 -1.2088 0.5297
0.5180 -1.2359 0.5310
0.5199 -1.2631 0.5329
0.5223 -1.2903 0.5354
0.5253 -1.3175 0.5384
0.5289 -1.3448 0.5419
0.5329 -1.3719 0.5460
0.5376 -1.3991 0.5506
0.5428 -1.4261 0.5558
0.5485 -1.4531 0.5616
0.5548 -1.4799 0.5679
0.5617 -1.5065 0.5747
0.5691 -1.5329 0.5822
0.5771 -1.5592 0.5901
0.5857 -1.5852 0.5987
0.5947 -1.6109 0.6078
0.6044 -1.6363 0.6174
0.6146 -1.6614 0.6276
0.6253 -1.6861 0.6383
0.6366 -1.7105 0.6496
0.6484 -1.7344 0.6614
0.6607 -1.7579 0.6737
0.6736 -1.7810 0.6866
0.6869 -1.8035 0.6999
0.7008 -1.8256 0.7138
0.7151 -1.8471 0.7281
0.7299 -1.8681 0.7429
0.7452 -1.8884 0.7582
0.7610 -1.9082 0.7740
0.7771 -1.9273 0.7901
0.7938 -1.9458 0.8067
0.8108 -1.9636 0.8238
0.8282 -1.9807 0.8412
0.8460 -1.9971 0.8590
0.8642 -2.0127 0.8772
0.8827 -2.0276 0.8957
0.9016 -2.0417 0.9145
0.9208 -2.0550 0.9337
0.9402 -2.0675 0.9532
0.9600 -2.0792 0.9729
0.9800 -2.0900 0.9930
1.0003 -2.1000 1.0132
1.0208 -2.1091 1.0337
1.0415 -2.1173 1.0544
1.0624 -2.1247 1.0753
1.0834 -2.1311 1.0963
1.1046 -2.1366 1.1175
1.1259 -2.1413 1.1388
1.1473 -2.1450 1.1602
1.1687 -2.1478 1.1816
1.1903 -2.1496 1.2031
1.2118 -2.1505 1.2247
1.2334 -2.1505 1.2463
1.2549 -2.1496 1.2678
1.2765 -2.1478 1.2893
1.2979 -2.1450 1.3108
1.3193 -2.1413 1.3322
1.3406 -2.1366 1.3535
1.3618 -2.1311 1.3747
1.3828 -2.1247 1.3957
1.4037 -2.1173 1.4166
1.4244 -2.1091 1.4372
1.4449 -2.1000 1.4577
1.4652 -2.0900 1.4780
1.4852 -2.0792 1.4980
1.5050 -2.0675 1.5178
1.5244 -2.0550 1.5372
1.5436 -2.0417 1.5564
1.5625 -2.0276 1.5753
1.5810 -2.0127 1.5938
1.5992 -1.9971 1.6120
1.6170 -1.9807 1.6298
1.6344 -1.9636 1.6472
1.6514 -1.9458 1.6642
1.6681 -1.9273 1.6808
1.6842 -1.9082 1.6970
1.7000 -1.8884 1.7127
1.7153 -1.8681 1.7280
1.7301 -1.8471 1.7428
1.7444 -1.8256 1.7572
1.7583 -1.8035 1.7710
1.7716 -1.7810 1.7844
1.7845 -1.7579 1.7972
1.7968 -1.7344 1.8095
1.8086 -1.7105 1.8213
1.8199 -1.6861 1.8326
1.8306 -1.6614 1.8433
1.8408 -1.6363 1.8535
1.8505 -1.6109 1.8632
1.8596 -1.5852 1.8723
1.8681 -1.5592 1.8808
1.8761 -1.5329 1.8888
1.8835 -1.5065 1.8962
1.8904 -1.4799 1.9031
1.8967 -1.4531 1.9094
1.9024 -1.4261 1.9151
1.9076 -1.3991 1.9203
1.9123 -1.3719 1.9250
1.9163 -1.3448 1.9291
1.9199 -1.3175 1.9326
1.9229 -1.2903 1.9356
1.9253 -1.2631 1.9380
1.9272 -1.2359 1.9399
1.9286 -1.2088 1.9413
1.9295 -1.1818 1.9422
1.9298 -1.1549 1.9425
1.9296 -1.1281 1.9423
1.9289 -1.1015 1.9416
1.9278 -1.0750 1.9405
1.9261 -1.0488 1.9388
1.9240 -1.0228 1.9367
1.9214 -0.9970 1.9341
1.9183 -0.9714 1.9311
1.9149 -0.9462 1.9276
1.9109 -0.9212 1.9236
1.9066 -0.8965 1.9193
1.9018 -0.8722 1.9145
1.8967 -0.8482 1.9094
1.8911 -0.8245 1.9038
1.8852 -0.8012 1.8979
1.8789 -0.7782 1.8916
1.8723 -0.7557 1.8850
1.8653 -0.7335 1.8781
1.8581 -0.7118 1.8708
1.8505 -0.6905 1.8632
1.8426 -0.6696 1.8553
1.8344 -0.6491 1.8471
1.8260 -0.6291 1.8387
1.8173 -0.6095 1.8300
1.8084 -0.5903 1.8211
1.7992 -0.5717 1.8119
1.7898 -0.5535 1.8026
1.7803 -0.5357 1.7930
1.7705 -0.5184 1.7833
1.7606 -0.5016 1.7733
1.7505 -0.4852 1.7632
1.7403 -0.4694 1.7530
1.7299 -0.4539 1.7427
1.7194 -0.4390 1.7322
1.7088 -0.4245 1.7216
1.6981 -0.4105 1.7109
1.6874 -0.3970 1.7001
1.6765 -0.3839 1.6893
1.6657 -0.3712 1.6784
1.6547 -0.3591 1.6675
1.6437 -0.3473 1.6565
1.6328 -0.3360 1.6455
1.6218 -0.3252 1.6345
1.6108 -0.3148 1.6235
1.5998 -0.3048 1.6126
1.5888 -0.2952 1.6016
1.5779 -0.2860 1.5907
1.5670 -0.2772 1.5798
1.5561 -0.2689 1.5689
1.5454 -0.2609 1.5582
1.5346 -0.2533 1.5474
1.5240 -0.2460 1.5368
1.5135 -0.2392 1.5263
1.5030 -0.2326 1.5158
1.4927 -0.2265 1.5055
1.4825 -0.2206 1.4953
1.4724 -0.2151 1.4852
1.4624 -0.2099 1.4752
1.4525 -0.2050 1.4654
1.4428 -0.2004 1.4557
1.4333 -0.1961 1.4461
1.4239 -0.1920 1.4367
1.4146 -0.1882 1.4275
1.4056 -0.1847 1.4184
1.3967 -0.1814 1.4095
1.3879 -0.1784 1.4008
1.3794 -0.1755 1.3922
1.3710 -0.1729 1.3839
1.3629 -0.1705 1.3757
1.3549 -0.1683 1.3678
1.3471 -0.1663 1.3600
1.3396 -0.1644 1.3524
1.3322 -0.1627 1.3451
1.3251 -0.1612 1.3379
1.3182 -0.1598 1.3310
1.3114 -0.1586 1.3243
1.3050 -0.1575 1.3178
1.2987 -0.1565 1.3116
1.2927 -0.1556 1.3055
1.2869 -0.1548 1.2997
1.2813 -0.1541 1.2942
1.2760 -0.1535 1.2888
1.2709 -0.1530 1.2838
1.2661 -0.1526 1.2789
1.2614 -0.1522 1.2743
1.2571 -0.1519 1.2700
1.2530 -0.1516 1.2659
1.2491 -0.1514 1.2620
1.2455 -0.1512 1.2584
1.2422 -0.1510 1.2551
1.2391 -0.1509 1.2520
1.2363 -0.1508 1.2491
1.2337 -0.1508 1.2466
1.2314 -0.1507 1.2443
1.2293 -0.1507 1.2422
1.2276 -0.1507 1.2404
1.2261 -0.1507 1.2389
1.2248 -0.1507 1.2377
1.2238 -0.1507 1.2367
1.2232 -0.1507 1.2360
1.2227 -0.1507 1.2356
1.2226 -0.1507 1.2355
1.2226 -0.1507 1.2355
1.2226 -0.1507 1.2355
1.2226 -0.1507 1.2355
1.2226 -0.1507 1.2355
1.2226 -0.1507 1.2355
1.2226 -0.1507 1.2355
1.2226 -0.1507 1.2355
1.2226 -0.1507 1.2355
1.2226 -0.1507 1.2355
1.2226 -0.1507 1.2355
1.2226 -0.1507 1.2355
1.2247 -0.1547 1.2367
1.2239 -0.1550 1.2355
1.2237 -0.1605 1.2343
1.2238 -0.1693 1.2330
1.2239 -0.1812 1.2316
1.2241 -0.1958 1.2299
1.2243 -0.2131 1.2280
1.2246 -0.2329 1.2260
1.2258 -0.2498 1.2251
1.2259 -0.2666 1.2234
1.2261 -0.2831 1.2217
1.2263 -0.2992 1.2202
1.2264 -0.3145 1.2187
1.2265 -0.3291 1.2174
1.2266 -0.3430 1.2161
1.2267 -0.3561 1.2149
1.2269 -0.3691 1.2137
1.2269 -0.3823 1.2123
1.2272 -0.3979 1.2108
1.2275 -0.4145 1.2093
1.2278 -0.4316 1.2078
1.2281 -0.4488 1.2063
1.2284 -0.4652 1.2049
1.2286 -0.4799 1.2038
1.2288 -0.4915 1.2029
1.2279 -0.5046 1.2009
1.2280 -0.5166 1.2001
1.2280 -0.5275 1.1992
1.2280 -0.5373 1.1985
1.2281 -0.5461 1.1979
1.2283 -0.5538 1.1974
1.2284 -0.5625 1.1971
1.2284 -0.5625 1.1971
1.2284 -0.5625 1.1970
1.2281 -0.5625 1.1968
1.2277 -0.5625 1.1964
1.2272 -0.5625 1.1958
1.2265 -0.5625 1.1951
1.2256 -0.5625 1.1943
1.2246 -0.5625 1.1933
1.2235 -0.5625 1.1921
1.2222 -0.5626 1.1908
1.2207 -0.5626 1.1894
1.2192 -0.5626 1.1878
1.2174 -0.5627 1.1861
1.2155 -0.5628 1.1842
1.2135 -0.5629 1.1821
1.2113 -0.5630 1.1800
1.2090 -0.5631 1.1777
1.2066 -0.5633 1.1752
1.2040 -0.5635 1.1726
1.2012 -0.5638 1.1699
1.1984 -0.5640 1.1670
1.1954 -0.5644 1.1640
1.1922 -0.5647 1.1609
1.1890 -0.5651 1.1576
1.1856 -0.5656 1.1542
1.1820 -0.5662 1.1507
1.1784 -0.5668 1.1470
1.1746 -0.5674 1.1432
1.1707 -0.5682 1.1393
1.1667 -0.5690 1.1353
1.1625 -0.5699 1.1311
1.1582 -0.5709 1.1269
1.1538 -0.5720 1.1225
1.1493 -0.5732 1.1180
1.1447 -0.5745 1.1134
1.1400 -0.5759 1.1086
1.1352 -0.5775 1.1038
1.1302 -0.5791 1.0989
1.1252 -0.5809 1.0938
1.1200 -0.5828 1.0887
1.1148 -0.5849 1.0834
1.1095 -0.5871 1.0781
1.1041 -0.5894 1.0727
1.0985 -0.5919 1.0672
1.0930 -0.5946 1.0616
1.0873 -0.5974 1.0559
1.0815 -0.6004 1.0502
1.0757 -0.6036 1.0444
1.0698 -0.6069 1.0385
1.0639 -0.6105 1.0325
1.0579 -0.6142 1.0265
1.0518 -0.6182 1.0204
1.0457 -0.6223 1.0143
1.0395 -0.6267 1.0082
1.0333 -0.6312 1.0020
1.0271 -0.6360 0.9957
1.0208 -0.6410 0.9895
1.0145 -0.6463 0.9832
1.0082 -0.6517 0.9769
1.0019 -0.6574 0.9705
0.9955 -0.6634 0.9642
0.9892 -0.6695 0.9578
0.9829 -0.6760 0.9515
0.9765 -0.6826 0.9452
0.9702 -0.6896 0.9389
0.9639 -0.6967 0.9326
0.9577 -0.7042 0.9263
0.9515 -0.7119 0.9201
0.9453 -0.7198 0.9139
0.9392 -0.7281 0.9078
0.9331 -0.7366 0.9017
0.9271 -0.7453 0.8957
0.9211 -0.7543 0.8898
0.9153 -0.7636 0.8839
0.9095 -0.7732 0.8781
0.9038 -0.7830 0.8725
0.8982 -0.7931 0.8669
0.8928 -0.8034 0.8614
0.8874 -0.8140 0.8560
0.8822 -0.8249 0.8508
0.8771 -0.8360 0.8457
0.8721 -0.8474 0.8407
0.8673 -0.8590 0.8359
0.8626 -0.8709 0.8313
0.8581 -0.8830 0.8267
0.8537 -0.8954 0.8224
0.8496 -0.9080 0.8182
0.8456 -0.9208 0.8143
0.8418 -0.9338 0.8105
0.8382 -0.9471 0.8069
0.8348 -0.9606 0.8035
0.8317 -0.9743 0.8003
0.8287 -0.9882 0.7974
0.8260 -1.0023 0.7946
0.8235 -1.0165 0.7921
0.8212 -1.0309 0.7899
0.8192 -1.0455 0.7879
0.8175 -1.0603 0.7861
0.8160 -1.0752 0.7846
0.8147 -1.0902 0.7834
0.8138 -1.1054 0.7824
0.8131 -1.1206 0.7817
0.8127 -1.1360 0.7813
0.8125 -1.1515 0.7812
0.8127 -1.1670 0.7813
0.8131 -1.1826 0.7818
0.8139 -1.1983 0.7825
0.8149 -1.2140 0.7836
0.8163 -1.2297 0.7850
0.8180 -1.2454 0.7866
0.8199 -1.2612 0.7886
0.8222 -1.2769 0.7909
0.8248 -1.2926 0.7935
0.8277 -1.3083 0.7964
0.8310 -1.3239 0.7996
0.8345 -1.3394 0.8032
0.8384 -1.3548 0.8070
0.8426 -1.3702 0.8112
0.8471 -1.3854 0.8157
0.8519 -1.4005 0.8206
0.8570 -1.4154 0.8257
0.8625 -1.4302 0.8312
0.8683 -1.4448 0.8369
0.8744 -1.4592 0.8430
0.8807 -1.4734 0.8494
0.8874 -1.4874 0.8561
0.8944 -1.5011 0.8631
0.9017 -1.5146 0.8704
0.9093 -1.5278 0.8780
0.9172 -1.5408 0.8858
0.9253 -1.5534 0.8940
0.9338 -1.5657 0.9024
0.9425 -1.5777 0.9111
0.9514 -1.5894 0.9201
0.9607 -1.6007 0.9293
0.9701 -1.6117 0.9388
0.9799 -1.6222 0.9485
0.9898 -1.6324 0.9585
1.0000 -1.6422 0.9687
1.0104 -1.6515 0.9791
1.0210 -1.6605 0.9897
1.0318 -1.6690 1.0005
1.0428 -1.6770 1.0115
1.0540 -1.6846 1.0227
1.0654 -1.6917 1.0340
1.0769 -1.6984 1.0455
1.0885 -1.7046 1.0572
1.1003 -1.7102 1.0690
1.1123 -1.7154 1.0809
1.1243 -1.7201 1.0930
1.1365 -1.7243 1.1051
1.1487 -1.7279 1.1174
1.1610 -1.7311 1.1297
1.1734 -1.7337 1.1421
1.1859 -1.7357 1.1545
1.1984 -1.7373 1.1670
1.2109 -1.7383 1.1795
1.2234 -1.7388 1.1921
1.2360 -1.7387 1.2046
1.2485 -1.7381 1.2172
1.2611 -1.7370 1.2297
1.2736 -1.7354 1.2422
1.2860 -1.7332 1.2547
1.2984 -1.7304 1.2671
1.3108 -1.7272 1.2794
1.3230 -1.7234 1.2917
1.3352 -1.7191 1.3038
1.3473 -1.7143 1.3159
1.3592 -1.7090 1.3278
1.3710 -1.7032 1.3397
1.3827 -1.6969 1.3513
1.3943 -1.6901 1.3629
1.4056 -1.6828 1.3743
1.4168 -1.6750 1.3855
1.4279 -1.6668 1.3965
1.4387 -1.6581 1.4073
1.4493 -1.6490 1.4180
1.4598 -1.6395 1.4284
1.4700 -1.6295 1.4386
1.4799 -1.6191 1.4486
1.4897 -1.6083 1.4583
1.4992 -1.5971 1.4678
1.5084 -1.5856 1.4770
1.5174 -1.5737 1.4860
1.5261 -1.5614 1.4947
1.5345 -1.5489 1.5032
1.5427 -1.5359 1.5113
1.5505 -1.5227 1.5192
1.5581 -1.5092 1.5267
1.5654 -1.4954 1.5340
1.5724 -1.4814 1.5410
1.5790 -1.4671 1.5476
1.5854 -1.4526 1.5540
1.5914 -1.4379 1.5600
1.5971 -1.4229 1.5657
1.6025 -1.4078 1.5711
1.6075 -1.3925 1.5762
1.6123 -1.3771 1.5809
1.6167 -1.3615 1.5853
1.6208 -1.3458 1.5894
1.6245 -1.3300 1.5931
1.6280 -1.3141 1.5966
1.6311 -1.2981 1.5997
1.6338 -1.2821 1.6024
1.6363 -1.2660 1.6049
1.6384 -1.2499 1.6070
1.6402 -1.2338 1.6088
1.6416 -1.2177 1.6102
1.6428 -1.2016 1.6114
1.6436 -1.1855 1.6122
1.6441 -1.1695 1.6127
1.6443 -1.1535 1.6129
1.6442 -1.1376 1.6128
1.6438 -1.1217 1.6124
1.6431 -1.1060 1.6118
1.6421 -1.0903 1.6108
1.6409 -1.0748 1.6095
1.6393 -1.0594 1.6079
1.6375 -1.0442 1.6061
1.6354 -1.0291 1.6040
1.6330 -1.0142 1.6016
1.6304 -0.9994 1.5990
1.6275 -0.9849 1.5961
1.6243 -0.9705 1.5930
1.6210 -0.9563 1.5896
1.6174 -0.9423 1.5860
1.6136 -0.9286 1.5822
1.6095 -0.9150 1.5781
1.6053 -0.9017 1.5739
1.6008 -0.8887 1.5694
1.5962 -0.8759 1.5648
1.5913 -0.8633 1.5599
1.5863 -0.8510 1.5549
1.5811 -0.8389 1.5497
1.5758 -0.8271 1.5444
1.5703 -0.8156 1.5389
1.5646 -0.8044 1.5332
1.5588 -0.7934 1.5274
1.5529 -0.7827 1.5215
1.5468 -0.7723 1.5155
1.5407 -0.7621 1.5093
1.5344 -0.7523 1.5030
1.5280 -0.7427 1.4967
1.5216 -0.7334 1.4902
1.5150 -0.7244 1.4836
1.5084 -0.7157 1.4770
1.5017 -0.7073 1.4703
1.4949 -0.6991 1.4635
1.4881 -0.6912 1.4567
1.4812 -0.6836 1.4499
1.4743 -0.6763 1.4430
1.4674 -0.6693 1.4360
1.4604 -0.6625 1.4291
1.4535 -0.6560 1.4221
1.4465 -0.6498 1.4151
1.4395 -0.6438 1.4081
1.4325 -0.6381 1.4011
1.4255 -0.6327 1.3941
1.4185 -0.6275 1.3871
1.4115 -0.6225 1.3801
1.4046 -0.6178 1.3732
1.3976 -0.6134 1.3663
1.3908 -0.6091 1.3594
1.3839 -0.6051 1.3525
1.3771 -0.6014 1.3457
1.3704 -0.5978 1.3390
1.3637 -0.5945 1.3323
1.3571 -0.5913 1.3257
1.3505 -0.5884 1.3191
1.3440 -0.5857 1.3126
1.3376 -0.5831 1.3062
1.3312 -0.5807 1.2998
1.3249 -0.5785 1.2936
1.3188 -0.5765 1.2874
1.3127 -0.5747 1.2813
1.3066 -0.5730 1.2753
1.3007 -0.5714 1.2694
1.2949 -0.5701 1.2635
1.2892 -0.5688 1.2578
1.2836 -0.5677 1.2522
1.2781 -0.5667 1.2467
1.2727 -0.5658 1.2413
1.2674 -0.5651 1.2360
1.2622 -0.5644 1.2308
1.2572 -0.5639 1.2258
1.2522 -0.5635 1.2208
1.2474 -0.5631 1.2160
1.2427 -0.5628 1.2113
1.2381 -0.5627 1.2067
1.2336 -0.5625 1.2023
1.2293 -0.5625 1.1979
1.2251 -0.5625 1.1937
1.2210 -0.5626 1.1897
1.2171 -0.5627 1.1857
1.2133 -0.5629 1.1819
1.2096 -0.5631 1.1782
1.2061 -0.5633 1.1747
1.2026 -0.5636 1.1713
1.1994 -0.5639 1.1680
1.1962 -0.5643 1.1649
1.1932 -0.5646 1.1619
1.1904 -0.5650 1.1590
1.1876 -0.5653 1.1563
1.1851 -0.5657 1.1537
1.1826 -0.5661 1.1513
1.1803 -0.5664 1.1490
1.1782 -0.5668 1.1468
1.1761 -0.5672 1.1448
1.1743 -0.5675 1.1429
1.1725 -0.5678 1.1412
1.1710 -0.5681 1.1396
1.1695 -0.5684 1.1382
1.1683 -0.5687 1.1369
1.1671 -0.5689 1.1358
1.1661 -0.5691 1.1348
1.1653 -0.5693 1.1339
1.1646 -0.5695 1.1332
1.1641 -0.5696 1.1327
1.1637 -0.5697 1.1323
1.1634 -0.5697 1.1321
1.1634 -0.5697 1.1320
1.1634 -0.5697 1.1320
1.1634 -0.5697 1.1320
1.1634 -0.5697 1.1320
1.1634 -0.5697 1.1320
1.1634 -0.5697 1.1320
1.1634 -0.5697 1.1320
1.1634 -0.5697 1.1320
1.1634 -0.5697 1.1320
1.1634 -0.5697 1.1320
1.1634 -0.5697 1.1320
1.1634 -0.5697 1.1320
1.1634 -0.5697 1.1320
1.1634 -0.5697 1.1320
1.1634 -0.5697 1.1320
1.1634 -0.5697 1.1320
1.1634 -0.5697 1.1320
1.1634 -0.5697 1.1320
1.1634 -0.5697 1.1320
1.1634 -0.5697 1.1320
1.1634 -0.5697 1.1320
1.1634 -0.5697 1.1320
1.1634 -0.5697 1.1320
1.1634 -0.5697 1.1320
1.1634 -0.5697 1.1320
1.1634 -0.5697 1.1320
1.1634 -0.5697 1.1320
1.1634 -0.5697 1.1320
1.1634 -0.5697 1.1320
1.1634 -0.5697 1.1320
1.1634 -0.5697 1.1320
1.1571 -0.5696 1.1375
1.1527 -0.5694 1.1452
1.1497 -0.5693 1.1494
1.1447 -0.5698 1.1560
1.1362 -0.5714 1.1645
1.1292 -0.5727 1.1736
1.1229 -0.5739 1.1831
1.1129 -0.5764 1.1939
1.1019 -0.5796 1.2069
1.0895 -0.5830 1.2187
1.0764 -0.5872 1.2333
1.0617 -0.5922 1.2494
1.0448 -0.5986 1.2668
1.0263 -0.6063 1.2853
1.0069 -0.6147 1.3043
0.9918 -0.6208 1.3197
0.9763 -0.6273 1.3355
0.9603 -0.6343 1.3515
0.9441 -0.6416 1.3679
0.9271 -0.6494 1.3843
0.9100 -0.6575 1.4014
0.8922 -0.6661 1.4184
0.8743 -0.6749 1.4356
0.8566 -0.6840 1.4527
0.8391 -0.6932 1.4696
0.8219 -0.7025 1.4863
0.8040 -0.7122 1.5026
0.7866 -0.7221 1.5194
0.7686 -0.7322 1.5357
0.7512 -0.7424 1.5518
0.7343 -0.7525 1.5675
0.7181 -0.7626 1.5827
0.7026 -0.7726 1.5975
0.6866 -0.7829 1.6113
0.6718 -0.7934 1.6256
0.6578 -0.8034 1.6391
0.6445 -0.8131 1.6518
0.6251 -0.8253 1.6682
0.6075 -0.8373 1.6837
0.5918 -0.8487 1.6976
0.5779 -0.8596 1.7097
0.5658 -0.8699 1.7203
0.5553 -0.8795 1.7293
0.5464 -0.8884 1.7370
0.5392 -0.8966 1.7433
0.5334 -0.9039 1.7485
0.5288 -0.9108 1.7530
0.5254 -0.9172 1.7565
0.5232 -0.9231 1.7593
0.5223 -0.9288 1.7614
0.5235 -0.9331 1.7618
0.5235 -0.9331 1.7618
0.5235 -0.9331 1.7617
0.5233 -0.9331 1.7614
0.5231 -0.9331 1.7610
0.5227 -0.9331 1.7603
0.5222 -0.9331 1.7594
0.5216 -0.9331 1.7584
0.5209 -0.9331 1.7572
0.5201 -0.9331 1.7558
0.5192 -0.9331 1.7542
0.5182 -0.9331 1.7524
0.5171 -0.9331 1.7504
0.5159 -0.9331 1.7482
0.5147 -0.9331 1.7459
0.5133 -0.9331 1.7433
0.5119 -0.9331 1.7406
0.5104 -0.9331 1.7377
0.5088 -0.9331 1.7346
0.5071 -0.9331 1.7314
0.5054 -0.9331 1.7279
0.5036 -0.9331 1.7242
0.5018 -0.9331 1.7204
0.4999 -0.9331 1.7164
0.4979 -0.9331 1.7122
0.4959 -0.9331 1.7078
0.4939 -0.9331 1.7032
0.4919 -0.9331 1.6984
0.4898 -0.9331 1.6934
0.4876 -0.9331 1.6883
0.4855 -0.9331 1.6829
0.4834 -0.9331 1.6774
0.4812 -0.9331 1.6716
0.4791 -0.9331 1.6657
0.4769 -0.9331 1.6596
0.4748 -0.9331 1.6533
0.4727 -0.9331 1.6468
0.4706 -0.9331 1.6401
0.4685 -0.9331 1.6332
0.4665 -0.9331 1.6262
0.4645 -0.9331 1.6189
0.4626 -0.9331 1.6115
0.4607 -0.9331 1.6038
0.4589 -0.9331 1.5960
0.4572 -0.9331 1.5880
0.4555 -0.9331 1.5799
0.4540 -0.9331 1.5715
0.4525 -0.9331 1.5630
0.4511 -0.9331 1.5542
0.4499 -0.9331 1.5454
0.4488 -0.9331 1.5363
0.4477 -0.9331 1.5271
0.4469 -0.9331 1.5177
0.4461 -0.9331 1.5081
0.4455 -0.9331 1.4984
0.4451 -0.9331 1.4885
0.4448 -0.9331 1.4785
0.4447 -0.9331 1.4683
0.4448 -0.9331 1.4580
0.4451 -0.9331 1.4475
0.4456 -0.9331 1.4369
0.4462 -0.9331 1.4262
0.4471 -0.9331 1.4153
0.4482 -0.9331 1.4043
0.4495 -0.9331 1.3933
0.4510 -0.9331 1.3821
0.4528 -0.9331 1.3708
0.4548 -0.9331 1.3594
0.4571 -0.9331 1.3479
0.4596 -0.9331 1.3364
0.4624 -0.9331 1.3248
0.4654 -0.9331 1.3131
0.4688 -0.9331 1.3013
0.4724 -0.9331 1.2896
0.4763 -0.9331 1.2777
0.4805 -0.9331 1.2659
0.4850 -0.9331 1.2540
0.4897 -0.9331 1.2421
0.4948 -0.9331 1.2303
0.5002 -0.9331 1.2184
0.5059 -0.9331 1.2066
0.5119 -0.9331 1.1947
0.5183 -0.9331 1.1830
0.5249 -0.9331 1.1712
0.5319 -0.9331 1.1596
0.5392 -0.9331 1.1480
0.5469 -0.9331 1.1365
0.5549 -0.9331 1.1251
0.5631 -0.9331 1.1138
0.5718 -0.9331 1.1027
0.5807 -0.9331 1.0916
0.5900 -0.9331 1.0807
0.5996 -0.9331 1.0700
0.6096 -0.9331 1.0594
0.6198 -0.9331 1.0491
0.6304 -0.9331 1.0389
0.6413 -0.9331 1.0289
0.6525 -0.9331 1.0191
0.6641 -0.9331 1.0096
0.6759 -0.9331 1.0003
0.6880 -0.9331 0.9913
0.7005 -0.9331 0.9825
0.7132 -0.9331 0.9741
0.7262 -0.9331 0.9659
0.7395 -0.9331 0.9580
0.7531 -0.9331 0.9504
0.7669 -0.9331 0.9432
0.7810 -0.9331 0.9362
0.7954 -0.9331 0.9297
0.8099 -0.9331 0.9235
0.8248 -0.9331 0.9176
0.8398 -0.9331 0.9122
0.8550 -0.9331 0.9071
0.8704 -0.9331 0.9025
0.8861 -0.9331 0.8982
0.9019 -0.9331 0.8944
0.9178 -0.9331 0.8910
0.9339 -0.9331 0.8880
0.9502 -0.9331 0.8854
0.9665 -0.9331 0.8833
0.9830 -0.9331 0.8817
0.9996 -0.9331 0.8805
1.0163 -0.9331 0.8798
1.0330 -0.9331 0.8796
1.0498 -0.9331 0.8798
1.0666 -0.9331 0.8805
1.0834 -0.9331 0.8818
1.1003 -0.9331 0.8835
1.1171 -0.9331 0.8856
1.1339 -0.9331 0.8883
1.1507 -0.9331 0.8915
1.1674 -0.9331 0.8952
1.1840 -0.9331 0.8993
1.2006 -0.9331 0.9040
1.2170 -0.9331 0.9091
1.2333 -0.9331 0.9148
1.2495 -0.9331 0.9209
1.2655 -0.9331 0.9275
1.2814 -0.9331 0.9346
1.2970 -0.9331 0.9422
1.3125 -0.9331 0.9503
1.3277 -0.9331 0.9588
1.3427 -0.9331 0.9678
1.3575 -0.9331 0.9773
1.3720 -0.9331 0.9872
1.3862 -0.9331 0.9975
1.4001 -0.9331 1.0083
1.4137 -0.9331 1.0195
1.4269 -0.9331 1.0311
1.4399 -0.9331 1.0431
1.4524 -0.9331 1.0555
1.4646 -0.9331 1.0683
1.4764 -0.9331 1.0815
1.4879 -0.9331 1.0950
1.4989 -0.9331 1.1089
1.5095 -0.9331 1.1231
1.5197 -0.9331 1.1376
1.5294 -0.9331 1.1524
1.5387 -0.9331 1.1676
1.5475 -0.9331 1.1830
1.5559 -0.9331 1.1986
1.5638 -0.9331 1.2145
1.5712 -0.9331 1.2307
1.5781 -0.9331 1.2470
1.5845 -0.9331 1.2636
1.5904 -0.9331 1.2803
1.5958 -0.9331 1.2972
1.6007 -0.9331 1.3143
1.6050 -0.9331 1.3314
1.6089 -0.9331 1.3487
1.6122 -0.9331 1.3661
1.6150 -0.9331 1.3836
1.6173 -0.9331 1.4011
1.6190 -0.9331 1.4187
1.6202 -0.9331 1.4363
1.6209 -0.9331 1.4539
1.6210 -0.9331 1.4715
1.6207 -0.9331 1.4891
1.6198 -0.9331 1.5067
1.6183 -0.9331 1.5241
1.6164 -0.9331 1.5416
1.6140 -0.9331 1.5589
1.6110 -0.9331 1.5761
1.6075 -0.9331 1.5932
1.6036 -0.9331 1.6101
1.5991 -0.9331 1.6269
1.5942 -0.9331 1.6435
1.5888 -0.9331 1.6600
1.5829 -0.9331 1.6762
1.5765 -0.9331 1.6922
1.5697 -0.9331 1.7080
1.5625 -0.9331 1.7236
1.5548 -0.9331 1.7389
1.5468 -0.9331 1.7539
1.5383 -0.9331 1.7686
1.5294 -0.9331 1.7831
1.5201 -0.9331 1.7973
1.5104 -0.9331 1.8111
1.5004 -0.9331 1.8246
1.4900 -0.9331 1.8378
1.4793 -0.9331 1.8507
1.4683 -0.9331 1.8632
1.4569 -0.9331 1.8753
1.4453 -0.9331 1.8871
1.4334 -0.9331 1.8985
1.4212 -0.9331 1.9095
1.4087 -0.9331 1.9202
1.3960 -0.9331 1.9304
1.3831 -0.9331 1.9403
1.3700 -0.9331 1.9497
1.3566 -0.9331 1.9588
1.3431 -0.9331 1.9674
1.3294 -0.9331 1.9757
1.3156 -0.9331 1.9835
1.3016 -0.9331 1.9910
1.2874 -0.9331 1.9980
1.2732 -0.9331 2.0046
1.2589 -0.9331 2.0108
1.2444 -0.9331 2.0165
1.2299 -0.9331 2.0219
1.2154 -0.9331 2.0269
1.2008 -0.9331 2.0314
1.1861 -0.9331 2.0356
1.1715 -0.9331 2.0393
1.1568 -0.9331 2.0427
1.1421 -0.9331 2.0457
1.1275 -0.9331 2.0482
1.1129 -0.9331 2.0504
1.0983 -0.9331 2.0523
1.0838 -0.9331 2.0537
1.0693 -0.9331 2.0548
1.0549 -0.9331 2.0555
1.0406 -0.9331 2.0559
1.0264 -0.9331 2.0559
1.0123 -0.9331 2.0555
0.9983 -0.9331 2.0549
0.9845 -0.9331 2.0539
0.9707 -0.9331 2.0526
0.9571 -0.9331 2.0510
0.9437 -0.9331 2.0491
0.9304 -0.9331 2.0469
0.9172 -0.9331 2.0444
0.9042 -0.9331 2.0417
0.8914 -0.9331 2.0386
0.8788 -0.9331 2.0354
0.8664 -0.9331 2.0318
0.8542 -0.9331 2.0281
0.8421 -0.9331 2.0241
0.8303 -0.9331 2.0199
0.8186 -0.9331 2.0155
0.8072 -0.9331 2.0109
0.7960 -0.9331 2.0061
0.7850 -0.9331 2.0011
0.7742 -0.9331 1.9960
0.7636 -0.9331 1.9906
0.7533 -0.9331 1.9852
0.7432 -0.9331 1.9796
0.7333 -0.9331 1.9739
0.7236 -0.9331 1.9680
0.7142 -0.9331 1.9621
0.7050 -0.9331 1.9560
0.6960 -0.9331 1.9498
0.6872 -0.9331 1.9436
0.6787 -0.9331 1.9373
0.6704 -0.9331 1.9309
0.6623 -0.9331 1.9245
0.6545 -0.9331 1.9180
0.6469 -0.9331 1.9115
0.6395 -0.9331 1.9049
0.6323 -0.9331 1.8984
0.6253 -0.9331 1.8918
0.6186 -0.9331 1.8852
0.6120 -0.9331 1.8786
0.6057 -0.9331 1.8720
0.5996 -0.9331 1.8654
0.5936 -0.9331 1.8589
0.5879 -0.9331 1.8524
0.5824 -0.9331 1.8459
0.5771 -0.9331 1.8395
0.5720 -0.9331 1.8331
0.5670 -0.9331 1.8268
0.5623 -0.9331 1.8205
0.5577 -0.9331 1.8143
0.5533 -0.9331 1.8082
0.5491 -0.9331 1.8022
0.5451 -0.9331 1.7963
0.5412 -0.9331 1.7905
0.5375 -0.9331 1.7847
0.5339 -0.9331 1.7791
0.5305 -0.9331 1.7736
0.5273 -0.9331 1.7682
0.5242 -0.9331 1.7629
0.5212 -0.9331 1.7577
0.5184 -0.9331 1.7527
0.5184 -0.9331 1.7527
0.5145 -0.9263 1.7513
0.5102 -0.9183 1.7496
0.5055 -0.9087 1.7473
0.5004 -0.8971 1.7444
0.4952 -0.8839 1.7407
0.4901 -0.8689 1.7362
0.4852 -0.8525 1.7308
0.4805 -0.8348 1.7245
0.4760 -0.8161 1.7172
0.4720 -0.7969 1.7092
0.4683 -0.7777 1.7007
0.4650 -0.7589 1.6922
0.4620 -0.7409 1.6838
0.4592 -0.7238 1.6756
0.4567 -0.7075 1.6678
0.4534 -0.6922 1.6611
0.4503 -0.6768 1.6544
0.4472 -0.6615 1.6476
0.4443 -0.6461 1.6407
0.4415 -0.6309 1.6337
0.4388 -0.6158 1.6268
0.4363 -0.6008 1.6198
0.4339 -0.5861 1.6128
0.4317 -0.5717 1.6058
0.4296 -0.5575 1.5988
0.4277 -0.5437 1.5919
0.4260 -0.5304 1.5851
0.4245 -0.5176 1.5784
0.4232 -0.5054 1.5719
0.4220 -0.4940 1.5657
0.4209 -0.4833 1.5599
0.4199 -0.4733 1.5543
0.4191 -0.4640 1.5491
0.4183 -0.4554 1.5443
0.4177 -0.4476 1.5398
0.4170 -0.4404 1.5357
0.4165 -0.4338 1.5320
0.4160 -0.4278 1.5285
0.4156 -0.4223 1.5253
0.4152 -0.4173 1.5224
0.4148 -0.4127 1.5198
0.4145 -0.4085 1.5174
0.4142 -0.4048 1.5152
0.4139 -0.4014 1.5132
0.4137 -0.3983 1.5114
0.4135 -0.3955 1.5097
0.4134 -0.3930 1.5082
0.4133 -0.3907 1.5068
0.4132 -0.3887 1.5056
0.4132 -0.3869 1.5045
0.4132 -0.3854 1.5035
0.4132 -0.3840 1.5026
0.4132 -0.3829 1.5019
0.4133 -0.3820 1.5013
0.4134 -0.3813 1.5008
0.4135 -0.3809 1.5004
0.4136 -0.3807 1.5002
0.4136 -0.3806 1.5001
0.4136 -0.3806 1.5001
0.4136 -0.3806 1.5001
0.4136 -0.3806 1.5001
0.4136 -0.3806 1.5001
0.4136 -0.3806 1.5001
0.4136 -0.3806 1.5001
0.4136 -0.3806 1.5001
0.4136 -0.3806 1.5001
0.4136 -0.3806 1.5001
0.4136 -0.3806 1.5001
0.4136 -0.3806 1.5001
0.4136 -0.3806 1.5001
0.4136 -0.3806 1.5001
0.4136 -0.3806 1.5001
0.4136 -0.3806 1.5001
0.4136 -0.3806 1.5001
0.4136 -0.3806 1.5001
0.4136 -0.3806 1.5001
0.4136 -0.3806 1.5001
0.4136 -0.3806 1.5001
0.4136 -0.3806 1.5001
0.4136 -0.3806 1.5001
0.4136 -0.3806 1.5005
0.4136 -0.3806 1.5013
0.4136 -0.3806 1.5023
0.4136 -0.3806 1.5036
0.4137 -0.3806 1.5052
0.4137 -0.3806 1.5071
0.4137 -0.3806 1.5093
0.4138 -0.3806 1.5118
0.4138 -0.3806 1.5145
0.4139 -0.3806 1.5175
0.4141 -0.3806 1.5208
0.4142 -0.3806 1.5243
0.4144 -0.3806 1.5282
0.4147 -0.3806 1.5322
0.4150 -0.3806 1.5366
0.4153 -0.3806 1.5412
0.4158 -0.3806 1.5460
0.4163 -0.3806 1.5511
0.4168 -0.3806 1.5565
0.4175 -0.3806 1.5621
0.4183 -0.3806 1.5679
0.4191 -0.3806 1.5740
0.4201 -0.3806 1.5803
0.4212 -0.3806 1.5868
0.4225 -0.3806 1.5935
0.4238 -0.3806 1.6005
0.4254 -0.3806 1.6077
0.4271 -0.3806 1.6150
0.4289 -0.3806 1.6226
0.4309 -0.3806 1.6304
0.4332 -0.3806 1.6383
0.4356 -0.3806 1.6464
0.4382 -0.3806 1.6547
0.4410 -0.3806 1.6631
0.4441 -0.3806 1.6717
0.4474 -0.3806 1.6805
0.4509 -0.3806 1.6893
0.4547 -0.3806 1.6983
0.4587 -0.3806 1.7074
0.4630 -0.3806 1.7166
0.4676 -0.3806 1.7259
0.4725 -0.3806 1.7353
0.4776 -0.3806 1.7447
0.4831 -0.3806 1.7542
0.4889 -0.3806 1.7637
0.4950 -0.3806 1.7733
0.5014 -0.3806 1.7829
0.5081 -0.3806 1.7924
0.5152 -0.3806 1.8020
0.5226 -0.3806 1.8115
0.5303 -0.3806 1.8210
0.5384 -0.3806 1.8304
0.5469 -0.3806 1.8398
0.5557 -0.3806 1.8490
0.5648 -0.3806 1.8582
0.5743 -0.3806 1.8672
0.5842 -0.3806 1.8761
0.5944 -0.3806 1.8848
0.6050 -0.3806 1.8933
0.6159 -0.3806 1.9016
0.6272 -0.3806 1.9097
0.6388 -0.3806 1.9176
0.6508 -0.3806 1.9253
0.6631 -0.3806 1.9326
0.6757 -0.3806 1.9397
0.6887 -0.3806 1.9465
0.7019 -0.3806 1.9529
0.7155 -0.3806 1.9590
0.7294 -0.3806 1.9648
0.7436 -0.3806 1.9702
0.7581 -0.3806 1.9751
0.7728 -0.3806 1.9797
0.7878 -0.3806 1.9839
0.8030 -0.3806 1.9876
0.8185 -0.3806 1.9908
0.8341 -0.3806 1.9936
0.8500 -0.3806 1.9959
0.8660 -0.3806 1.9977
0.8822 -0.3806 1.9990
0.8986 -0.3806 1.9997
0.9150 -0.3806 1.9999
0.9316 -0.3806 1.9996
0.9483 -0.3806 1.9987
0.9650 -0.3806 1.9973
0.9817 -0.3806 1.9953
0.9985 -0.3806 1.9927
1.0152 -0.3806 1.9895
1.0320 -0.3806 1.9857
1.0486 -0.3806 1.9814
1.0652 -0.3806 1.9764
1.0817 -0.3806 1.9709
1.0980 -0.3806 1.9647
1.1142 -0.3806 1.9579
1.1303 -0.3806 1.9506
1.1461 -0.3806 1.9426
1.1617 -0.3806 1.9341
1.1770 -0.3806 1.9250
1.1920 -0.3806 1.9153
1.2068 -0.3806 1.9050
1.2212 -0.3806 1.8942
1.2352 -0.3806 1.8828
1.2489 -0.3806 1.8709
1.2622 -0.3806 1.8584
1.2750 -0.3806 1.8455
1.2874 -0.3806 1.8320
1.2994 -0.3806 1.8181
1.3108 -0.3806 1.8037
1.3217 -0.3806 1.7888
1.3321 -0.3806 1.7736
1.3420 -0.3806 1.7579
1.3512 -0.3806 1.7418
1.3599 -0.3806 1.7254
1.3680 -0.3806 1.7087
1.3754 -0.3806 1.6916
1.3823 -0.3806 1.6742
1.3885 -0.3806 1.6566
1.3940 -0.3806 1.6387
1.3988 -0.3806 1.6207
1.4030 -0.3806 1.6024
1.4065 -0.3806 1.5840
1.4093 -0.3806 1.5655
1.4114 -0.3806 1.5468
1.4128 -0.3806 1.5281
1.4135 -0.3806 1.5093
1.4135 -0.3806 1.4906
1.4128 -0.3806 1.4718
1.4114 -0.3806 1.4531
1.4093 -0.3806 1.4344
1.4065 -0.3806 1.4159
1.4030 -0.3806 1.3975
1.3988 -0.3806 1.3792
1.3940 -0.3806 1.3612
1.3885 -0.3806 1.3433
1.3823 -0.3806 1.3257
1.3754 -0.3806 1.3083
1.3680 -0.3806 1.2912
1.3599 -0.3806 1.2745
1.3512 -0.3806 1.2581
1.3420 -0.3806 1.2420
1.3321 -0.3806 1.2263
1.3217 -0.3806 1.2111
1.3108 -0.3806 1.1962
1.2994 -0.3806 1.1818
1.2874 -0.3806 1.1679
1.2750 -0.3806 1.1544
1.2622 -0.3806 1.1415
1.2489 -0.3806 1.1290
1.2352 -0.3806 1.1171
1.2212 -0.3806 1.1057
1.2068 -0.3806 1.0949
1.1920 -0.3806 1.0846
1.1770 -0.3806 1.0749
1.1617 -0.3806 1.0658
1.1461 -0.3806 1.0573
1.1303 -0.3806 1.0493
1.1142 -0.3806 1.0420
1.0980 -0.3806 1.0352
1.0817 -0.3806 1.0290
1.0652 -0.3806 1.0235
1.0486 -0.3806 1.0185
1.0320 -0.3806 1.0142
1.0152 -0.3806 1.0104
0.9985 -0.3806 1.0072
0.9817 -0.3806 1.0046
0.9650 -0.3806 1.0026
0.9483 -0.3806 1.0012
0.9316 -0.3806 1.0003
0.9150 -0.3806 1.0000
0.8986 -0.3806 1.0002
0.8822 -0.3806 1.0009
0.8660 -0.3806 1.0022
0.8500 -0.3806 1.0040
0.8341 -0.3806 1.0063
0.8185 -0.3806 1.0091
0.8030 -0.3806 1.0123
0.7878 -0.3806 1.0160
0.7728 -0.3806 1.0202
0.7581 -0.3806 1.0248
0.7436 -0.3806 1.0297
0.7294 -0.3806 1.0351
0.7155 -0.3806 1.0409
0.7019 -0.3806 1.0470
0.6887 -0.3806 1.0534
0.6757 -0.3806 1.0602
0.6631 -0.3806 1.0673
0.6508 -0.3806 1.0746
0.6388 -0.3806 1.0823
0.6272 -0.3806 1.0902
0.6159 -0.3806 1.0983
0.6050 -0.3806 1.1066
0.5944 -0.3806 1.1151
0.5842 -0.3806 1.1238
0.5743 -0.3806 1.1327
0.5648 -0.3806 1.1417
0.5557 -0.3806 1.1509
0.5469 -0.3806 1.1601
0.5384 -0.3806 1.1695
0.5303 -0.3806 1.1789
0.5226 -0.3806 1.1884
0.5152 -0.3806 1.1979
0.5081 -0.3806 1.2075
0.5014 -0.3806 1.2170
0.4950 -0.3806 1.2266
0.4889 -0.3806 1.2362
0.4831 -0.3806 1.2457
0.4776 -0.3806 1.2552
0.4725 -0.3806 1.2646
0.4676 -0.3806 1.2740
0.4630 -0.3806 1.2833
0.4587 -0.3806 1.2925
0.4547 -0.3806 1.3016
0.4509 -0.3806 1.3106
0.4474 -0.3806 1.3194
0.4441 -0.3806 1.3282
0.4410 -0.3806 1.3368
0.4382 -0.3806 1.3452
0.4356 -0.3806 1.3535
0.4332 -0.3806 1.3616
0.4309 -0.3806 1.3695
0.4289 -0.3806 1.3773
0.4271 -0.3806 1.3849
0.4254 -0.3806 1.3922
0.4238 -0.3806 1.3994
0.4225 -0.3806 1.4064
0.4212 -0.3806 1.4131
0.4201 -0.3806 1.4196
0.4191 -0.3806 1.4259
0.4183 -0.3806 1.4320
0.4175 -0.3806 1.4378
0.4168 -0.3806 1.4434
0.4163 -0.3806 1.4488
0.4158 -0.3806 1.4539
0.4153 -0.3806 1.4587
0.4150 -0.3806 1.4633
0.4147 -0.3806 1.4677
0.4144 -0.3806 1.4717
0.4142 -0.3806 1.4756
0.4141 -0.3806 1.4791
0.4139 -0.3806 1.4824
0.4138 -0.3806 1.4854
0.4138 -0.3806 1.4881
0.4137 -0.3806 1.4906
0.4137 -0.3806 1.4928
0.4137 -0.3806 1.4947
0.4136 -0.3806 1.4963
0.4136 -0.3806 1.4976
0.4136 -0.3806 1.4986
0.4136 -0.3806 1.4994
0.4136 -0.3806 1.4998
0.4136 -0.3806 1.5000
0.4136 -0.3806 1.5000
0.4136 -0.3806 1.5000
0.4190 -0.3865 1.5000
0.4251 -0.3932 1.5000
0.4323 -0.4012 1.5000
0.4409 -0.4106 1.5000
0.4507 -0.4214 1.5000
0.4618 -0.4336 1.5000
0.4742 -0.4472 1.5000
0.4877 -0.4620 1.5000
0.5020 -0.4777 1.5000
0.5164 -0.4935 1.5000
0.5305 -0.5090 1.5000
0.5440 -0.5238 1.5000
0.5569 -0.5380 1.5000
0.5688 -0.5511 1.5000
0.5799 -0.5633 1.5000
0.5907 -0.5752 1.5000
0.6014 -0.5869 1.5000
0.6119 -0.5984 1.5000
0.6222 -0.6097 1.5000
0.6347 -0.6234 1.5000
0.6476 -0.6376 1.5000
0.6608 -0.6521 1.5000
0.6740 -0.6667 1.5000
0.6870 -0.6809 1.5000
0.6991 -0.6942 1.5000
0.7100 -0.7061 1.5000
0.7195 -0.7166 1.5000
0.7277 -0.7256 1.5000
0.7346 -0.7332 1.5000
0.7403 -0.7394 1.5000
0.7448 -0.7444 1.5000
0.7486 -0.7486 1.5000
