1.7500 -1.2500 1.5000
1.7500 -1.2500 1.5000
1.7507 -1.2481 1.5031
1.7519 -1.2482 1.5074
1.7536 -1.2469 1.5134
1.7560 -1.2449 1.5220
1.7589 -1.2424 1.5329
1.7624 -1.2393 1.5459
1.7662 -1.2359 1.5610
1.7704 -1.2321 1.5778
1.7749 -1.2280 1.5963
1.7796 -1.2236 1.6162
1.7844 -1.2179 1.6365
1.7886 -1.2083 1.6546
1.7926 -1.1977 1.6713
1.7962 -1.1862 1.6870
1.7994 -1.1724 1.7006
1.8025 -1.1621 1.7133
1.8055 -1.1513 1.7259
1.8086 -1.1395 1.7384
1.8116 -1.1271 1.7507
1.8146 -1.1139 1.7627
1.8176 -1.1003 1.7746
1.8204 -1.0862 1.7860
1.8232 -1.0716 1.7970
1.8258 -1.0565 1.8075
1.8283 -1.0411 1.8174
1.8307 -1.0254 1.8267
1.8329 -1.0094 1.8354
1.8349 -0.9932 1.8434
1.8368 -0.9768 1.8507
1.8385 -0.9603 1.8572
1.8400 -0.9437 1.8629
1.8412 -0.9270 1.8677
1.8423 -0.9103 1.8717
1.8432 -0.8934 1.8748
1.8438 -0.8766 1.8769
1.8442 -0.8597 1.8780
1.8442 -0.8428 1.8781
1.8442 -0.8269 1.8779
1.8442 -0.8120 1.8775
1.8441 -0.7980 1.8769
1.8439 -0.7850 1.8762
1.8436 -0.7713 1.8749
1.8435 -0.7535 1.8732
1.8433 -0.7373 1.8714
1.8432 -0.7226 1.8696
1.8428 -0.7095 1.8676
1.8424 -0.6978 1.8654
1.8418 -0.6875 1.8632
1.8411 -0.6787 1.8609
1.8402 -0.6712 1.8585
1.8393 -0.6647 1.8561
1.8382 -0.6591 1.8536
1.8370 -0.6544 1.8510
1.8356 -0.6513 1.8487
1.8350 -0.6507 1.8478
1.8350 -0.6507 1.8478
1.8350 -0.6507 1.8478
1.8350 -0.6505 1.8477
1.8348 -0.6500 1.8475
1.8344 -0.6491 1.8472
1.8339 -0.6480 1.8467
1.8333 -0.6464 1.8460
1.8326 -0.6446 1.8453
1.8317 -0.6424 1.8444
1.8306 -0.6399 1.8433
1.8294 -0.6371 1.8422
1.8281 -0.6340 1.8408
1.8266 -0.6306 1.8394
1.8250 -0.6269 1.8378
1.8233 -0.6228 1.8360
1.8214 -0.6185 1.8341
1.8193 -0.6139 1.8320
1.8171 -0.6090 1.8298
1.8147 -0.6038 1.8274
1.8122 -0.5984 1.8249
1.8095 -0.5927 1.8222
1.8066 -0.5867 1.8193
1.8036 -0.5805 1.8163
1.8004 -0.5740 1.8131
1.7970 -0.5673 1.8097
1.7934 -0.5604 1.8062
1.7897 -0.5532 1.8024
1.7858 -0.5458 1.7985
1.7817 -0.5382 1.7944
1.7773 -0.5304 1.7901
1.7728 -0.5225 1.7856
1.7681 -0.5143 1.7809
1.7632 -0.5060 1.7760
1.7581 -0.4975 1.7708
1.7527 -0.4888 1.7655
1.7472 -0.4800 1.7599
1.7414 -0.4711 1.7542
1.7354 -0.4620 1.7482
1.7292 -0.4529 1.7419
1.7227 -0.4436 1.7355
1.7160 -0.4343 1.7288
1.7091 -0.4249 1.7218
1.7019 -0.4154 1.7147
1.6945 -0.4058 1.7072
1.6868 -0.3962 1.6996
1.6789 -0.3866 1.6916
1.6707 -0.3770 1.6835
1.6623 -0.3674 1.6750
1.6536 -0.3578 1.6664
1.6446 -0.3482 1.6574
1.6354 -0.3387 1.6482
1.6259 -0.3292 1.6387
1.6162 -0.3198 1.6290
1.6062 -0.3105 1.6190
1.5959 -0.3013 1.6087
1.5853 -0.2922 1.5981
1.5745 -0.2833 1.5873
1.5634 -0.2745 1.5762
1.5521 -0.2658 1.5649
1.5405 -0.2574 1.5533
1.5286 -0.2491 1.5414
1.5164 -0.2411 1.5292
1.5040 -0.2333 1.5168
1.4914 -0.2257 1.5042
1.4784 -0.2184 1.4912
1.4653 -0.2114 1.4781
1.4518 -0.2046 1.4646
1.4381 -0.1982 1.4510
1.4242 -0.1922 1.4370
1.4101 -0.1864 1.4229
1.3957 -0.1811 1.4085
1.3810 -0.1761 1.3939
1.3662 -0.1715 1.3790
1.3511 -0.1673 1.3640
1.3359 -0.1636 1.3487
1.3204 -0.1603 1.3333
1.3047 -0.1574 1.3176
1.2889 -0.1551 1.3018
1.2729 -0.1532 1.2857
1.2567 -0.1518 1.2696
1.2404 -0.1510 1.2532
1.2239 -0.1507 1.2368
1.2073 -0.1509 1.2201
1.1905 -0.1517 1.2034
1.1737 -0.1531 1.1865
1.1567 -0.1550 1.1696
1.1397 -0.1576 1.1525
1.1225 -0.1607 1.1354
1.1053 -0.1645 1.1182
1.0881 -0.1689 1.1010
1.0708 -0.1740 1.0838
1.0536 -0.1797 1.0665
1.0363 -0.1860 1.0492
1.0190 -0.1930 1.0319
1.0017 -0.2007 1.0146
0.9845 -0.2090 0.9974
0.9673 -0.2181 0.9803
0.9502 -0.2278 0.9632
0.9332 -0.2382 0.9462
0.9163 -0.2493 0.9293
0.8995 -0.2611 0.9125
0.8829 -0.2736 0.8959
0.8664 -0.2868 0.8794
0.8501 -0.3006 0.8631
0.8340 -0.3152 0.8470
0.8181 -0.3304 0.8311
0.8024 -0.3463 0.8154
0.7870 -0.3629 0.7999
0.7718 -0.3802 0.7848
0.7569 -0.3981 0.7698
0.7423 -0.4167 0.7552
0.7280 -0.4360 0.7409
0.7140 -0.4559 0.7270
0.7004 -0.4764 0.7134
0.6871 -0.4975 0.7001
0.6742 -0.5192 0.6872
0.6617 -0.5416 0.6747
0.6497 -0.5644 0.6627
0.6380 -0.5879 0.6510
0.6268 -0.6119 0.6398
0.6161 -0.6364 0.6291
0.6058 -0.6614 0.6188
0.5960 -0.6870 0.6091
0.5868 -0.7129 0.5998
0.5780 -0.7394 0.5910
0.5698 -0.7662 0.5828
0.5621 -0.7935 0.5751
0.5549 -0.8211 0.5679
0.5483 -0.8491 0.5614
0.5423 -0.8774 0.5554
0.5369 -0.9061 0.5499
0.5321 -0.9350 0.5451
0.5278 -0.9641 0.5409
0.5242 -0.9935 0.5372
0.5212 -1.0231 0.5342
0.5188 -1.0528 0.5318
0.5170 -1.0827 0.5301
0.5159 -1.1127 0.5290
0.5154 -1.1428 0.5285
0.5156 -1.1729 0.5286
0.5164 -1.2031 0.5294
0.5178 -1.2332 0.5309
0.5199 -1.2633 0.5330
0.5226 -1.2933 0.5357
0.5260 -1.3233 0.5391
0.5301 -1.3531 0.5431
0.5347 -1.3827 0.5478
0.5400 -1.4122 0.5531
0.5460 -1.4414 0.5590
0.5525 -1.4704 0.5656
0.5597 -1.4991 0.5728
0.5675 -1.5275 0.5806
0.5760 -1.5556 0.5890
0.5850 -1.5832 0.5980
0.5946 -1.6105 0.6077
0.6048 -1.6374 0.6179
0.6156 -1.6638 0.6286
0.6270 -1.6897 0.6400
0.6389 -1.7152 0.6519
0.6513 -1.7401 0.6643
0.6643 -1.7644 0.6773
0.6778 -1.7882 0.6908
0.6917 -1.8114 0.7047
0.7062 -1.8339 0.7192
0.7211 -1.8558 0.7341
0.7365 -1.8770 0.7495
0.7524 -1.8975 0.7653
0.7686 -1.9174 0.7816
0.7852 -1.9365 0.7982
0.8023 -1.9549 0.8152
0.8197 -1.9725 0.8326
0.8374 -1.9893 0.8504
0.8555 -2.0053 0.8684
0.8738 -2.0206 0.8868
0.8925 -2.0350 0.9055
0.9114 -2.0487 0.9244
0.9306 -2.0615 0.9436
0.9500 -2.0734 0.9630
0.9697 -2.0845 0.9826
0.9895 -2.0948 1.0024
1.0094 -2.1042 1.0224
1.0296 -2.1127 1.0425
1.0498 -2.1203 1.0627
1.0702 -2.1271 1.0831
1.0906 -2.1331 1.1035
1.1111 -2.1381 1.1240
1.1316 -2.1424 1.1445
1.1522 -2.1457 1.1651
1.1728 -2.1482 1.1856
1.1933 -2.1498 1.2062
1.2138 -2.1506 1.2267
1.2343 -2.1505 1.2472
1.2547 -2.1496 1.2675
1.2750 -2.1479 1.2878
1.2952 -2.1454 1.3080
1.3152 -2.1420 1.3281
1.3351 -2.1379 1.3480
1.3549 -2.1330 1.3677
1.3744 -2.1273 1.3873
1.3938 -2.1209 1.4067
1.4130 -2.1137 1.4258
1.4319 -2.1059 1.4447
1.4506 -2.0973 1.4634
1.4690 -2.0880 1.4819
1.4872 -2.0780 1.5000
1.5051 -2.0674 1.5179
1.5227 -2.0562 1.5355
1.5400 -2.0443 1.5528
1.5570 -2.0318 1.5698
1.5736 -2.0188 1.5864
1.5899 -2.0052 1.6027
1.6059 -1.9911 1.6187
1.6215 -1.9764 1.6343
1.6367 -1.9613 1.6495
1.6516 -1.9456 1.6644
1.6661 -1.9296 1.6789
1.6802 -1.9131 1.6930
1.6940 -1.8961 1.7067
1.7073 -1.8788 1.7201
1.7202 -1.8612 1.7330
1.7328 -1.8432 1.7455
1.7449 -1.8249 1.7577
1.7566 -1.8062 1.7694
1.7679 -1.7873 1.7807
1.7788 -1.7682 1.7916
1.7893 -1.7488 1.8021
1.7994 -1.7292 1.8122
1.8091 -1.7094 1.8218
1.8184 -1.6894 1.8311
1.8272 -1.6693 1.8400
1.8357 -1.6491 1.8484
1.8437 -1.6288 1.8565
1.8514 -1.6083 1.8641
1.8586 -1.5878 1.8714
1.8655 -1.5673 1.8782
1.8720 -1.5467 1.8847
1.8781 -1.5261 1.8908
1.8838 -1.5055 1.8965
1.8891 -1.4849 1.9018
1.8941 -1.4644 1.9068
1.8987 -1.4439 1.9114
1.9030 -1.4235 1.9157
1.9069 -1.4032 1.9196
1.9104 -1.3830 1.9232
1.9137 -1.3629 1.9264
1.9166 -1.3430 1.9293
1.9192 -1.3232 1.9319
1.9215 -1.3035 1.9342
1.9235 -1.2840 1.9362
1.9252 -1.2647 1.9379
1.9266 -1.2456 1.9393
1.9277 -1.2267 1.9405
1.9286 -1.2080 1.9413
1.9293 -1.1896 1.9420
1.9296 -1.1714 1.9424
1.9298 -1.1534 1.9425
1.9297 -1.1357 1.9424
1.9294 -1.1182 1.9421
1.9289 -1.1010 1.9416
1.9282 -1.0841 1.9409
1.9273 -1.0675 1.9401
1.9263 -1.0511 1.9390
1.9251 -1.0351 1.9378
1.9237 -1.0193 1.9364
1.9221 -1.0039 1.9348
1.9205 -0.9887 1.9332
1.9187 -0.9739 1.9314
1.9167 -0.9594 1.9295
1.9147 -0.9452 1.9274
1.9126 -0.9314 1.9253
1.9104 -0.9178 1.9231
1.9081 -0.9046 1.9208
1.9057 -0.8917 1.9184
1.9032 -0.8792 1.9160
1.9007 -0.8670 1.9135
1.8982 -0.8551 1.9109
1.8956 -0.8436 1.9083
1.8930 -0.8324 1.9057
1.8904 -0.8215 1.9031
1.8877 -0.8110 1.9005
1.8851 -0.8008 1.8978
1.8825 -0.7909 1.8952
1.8798 -0.7814 1.8925
1.8772 -0.7723 1.8899
1.8746 -0.7634 1.8873
1.8721 -0.7549 1.8848
1.8695 -0.7468 1.8823
1.8671 -0.7389 1.8798
1.8647 -0.7314 1.8774
1.8623 -0.7243 1.8750
1.8600 -0.7175 1.8727
1.8578 -0.7110 1.8705
1.8556 -0.7048 1.8683
1.8535 -0.6990 1.8663
1.8516 -0.6935 1.8643
1.8497 -0.6883 1.8624
1.8479 -0.6835 1.8606
1.8462 -0.6790 1.8589
1.8446 -0.6748 1.8573
1.8431 -0.6710 1.8559
1.8418 -0.6675 1.8545
1.8405 -0.6643 1.8532
1.8394 -0.6615 1.8521
1.8384 -0.6589 1.8511
1.8375 -0.6567 1.8502
1.8368 -0.6549 1.8495
1.8362 -0.6534 1.8489
1.8357 -0.6522 1.8484
1.8353 -0.6513 1.8481
1.8351 -0.6508 1.8478
1.8350 -0.6507 1.8478
1.8350 -0.6507 1.8478
1.8350 -0.6507 1.8478
1.8350 -0.6507 1.8478
1.8350 -0.6507 1.8478
1.8350 -0.6507 1.8478
1.8350 -0.6507 1.8478
1.8350 -0.6507 1.8478
1.8350 -0.6507 1.8478
1.8350 -0.6507 1.8478
1.8350 -0.6507 1.8478
1.8350 -0.6507 1.8478
1.8406 -0.6463 1.8516
1.8452 -0.6441 1.8553
1.8497 -0.6401 1.8586
1.8549 -0.6359 1.8622
1.8605 -0.6314 1.8660
1.8664 -0.6267 1.8699
1.8723 -0.6221 1.8737
1.8781 -0.6175 1.8775
1.8839 -0.6132 1.8813
1.8895 -0.6089 1.8848
1.8946 -0.6048 1.8877
1.8990 -0.6014 1.8900
1.9027 -0.5985 1.8921
1.9058 -0.5961 1.8938
1.9086 -0.5939 1.8953
1.9123 -0.5911 1.8976
1.9158 -0.5883 1.8997
1.9191 -0.5858 1.9017
1.9237 -0.5820 1.9045
1.9283 -0.5784 1.9073
1.9328 -0.5750 1.9099
1.9369 -0.5719 1.9122
1.9405 -0.5691 1.9142
1.9436 -0.5667 1.9159
1.9462 -0.5647 1.9171
1.9479 -0.5631 1.9176
1.9488 -0.5625 1.9174
1.9488 -0.5625 1.9174
1.9488 -0.5625 1.9174
1.9488 -0.5625 1.9174
1.9488 -0.5625 1.9174
1.9488 -0.5625 1.9174
1.9488 -0.5625 1.9174
1.9487 -0.5623 1.9173
1.9485 -0.5617 1.9171
1.9481 -0.5608 1.9167
1.9476 -0.5594 1.9162
1.9469 -0.5577 1.9155
1.9460 -0.5557 1.9146
1.9450 -0.5532 1.9136
1.9438 -0.5504 1.9124
1.9425 -0.5473 1.9111
1.9410 -0.5438 1.9096
1.9394 -0.5399 1.9079
1.9375 -0.5357 1.9061
1.9356 -0.5312 1.9042
1.9334 -0.5263 1.9020
1.9311 -0.5211 1.8997
1.9286 -0.5156 1.8972
1.9259 -0.5098 1.8945
1.9231 -0.5036 1.8917
1.9201 -0.4972 1.8887
1.9169 -0.4904 1.8855
1.9135 -0.4834 1.8821
1.9099 -0.4761 1.8785
1.9061 -0.4685 1.8747
1.9021 -0.4606 1.8707
1.8979 -0.4525 1.8665
1.8935 -0.4442 1.8621
1.8889 -0.4356 1.8575
1.8841 -0.4267 1.8527
1.8790 -0.4177 1.8476
1.8738 -0.4084 1.8424
1.8683 -0.3990 1.8369
1.8625 -0.3893 1.8311
1.8566 -0.3795 1.8252
1.8504 -0.3695 1.8189
1.8439 -0.3593 1.8125
1.8372 -0.3490 1.8058
1.8302 -0.3386 1.7988
1.8230 -0.3280 1.7916
1.8155 -0.3173 1.7841
1.8078 -0.3065 1.7764
1.7998 -0.2957 1.7684
1.7915 -0.2847 1.7601
1.7829 -0.2738 1.7515
1.7740 -0.2627 1.7426
1.7649 -0.2517 1.7335
1.7555 -0.2406 1.7241
1.7458 -0.2295 1.7144
1.7358 -0.2185 1.7044
1.7255 -0.2074 1.6941
1.7149 -0.1964 1.6835
1.7040 -0.1855 1.6726
1.6928 -0.1747 1.6614
1.6813 -0.1640 1.6499
1.6695 -0.1533 1.6381
1.6574 -0.1428 1.6260
1.6450 -0.1325 1.6136
1.6323 -0.1223 1.6009
1.6193 -0.1123 1.5879
1.6060 -0.1025 1.5746
1.5924 -0.0929 1.5610
1.5785 -0.0836 1.5471
1.5643 -0.0745 1.5329
1.5498 -0.0656 1.5184
1.5350 -0.0571 1.5036
1.5199 -0.0489 1.4885
1.5045 -0.0410 1.4731
1.4889 -0.0335 1.4575
1.4729 -0.0263 1.4416
1.4567 -0.0195 1.4254
1.4403 -0.0131 1.4089
1.4235 -0.0071 1.3922
1.4065 -0.0016 1.3752
1.3893 0.0035 1.3579
1.3718 0.0081 1.3405
1.3541 0.0122 1.3228
1.3362 0.0158 1.3048
1.3181 0.0188 1.2867
1.2997 0.0213 1.2684
1.2812 0.0233 1.2498
1.2625 0.0247 1.2311
1.2435 0.0255 1.2122
1.2245 0.0257 1.1931
1.2053 0.0252 1.1739
1.1859 0.0241 1.1545
1.1664 0.0224 1.1351
1.1468 0.0200 1.1155
1.1271 0.0169 1.0958
1.1074 0.0131 1.0760
1.0875 0.0087 1.0562
1.0676 0.0035 1.0363
1.0477 -0.0024 1.0163
1.0277 -0.0091 0.9964
1.0078 -0.0165 0.9764
0.9878 -0.0246 0.9564
0.9679 -0.0335 0.9365
0.9480 -0.0432 0.9166
0.9282 -0.0537 0.8968
0.9084 -0.0649 0.8771
0.8888 -0.0769 0.8574
0.8692 -0.0897 0.8379
0.8498 -0.1032 0.8185
0.8306 -0.1176 0.7993
0.8115 -0.1327 0.7802
0.7927 -0.1487 0.7613
0.7740 -0.1654 0.7427
0.7556 -0.1829 0.7242
0.7374 -0.2012 0.7061
0.7195 -0.2202 0.6882
0.7019 -0.2400 0.6705
0.6846 -0.2606 0.6532
0.6676 -0.2819 0.6363
0.6510 -0.3040 0.6196
0.6347 -0.3268 0.6034
0.6188 -0.3503 0.5875
0.6034 -0.3745 0.5720
0.5883 -0.3995 0.5570
0.5737 -0.4250 0.5424
0.5596 -0.4513 0.5283
0.5459 -0.4782 0.5146
0.5328 -0.5058 0.5014
0.5201 -0.5339 0.4888
0.5080 -0.5626 0.4767
0.4964 -0.5919 0.4651
0.4854 -0.6218 0.4541
0.4750 -0.6522 0.4437
0.4652 -0.6830 0.4338
0.4559 -0.7144 0.4246
0.4473 -0.7462 0.4160
0.4394 -0.7784 0.4081
0.4320 -0.8110 0.4007
0.4254 -0.8440 0.3941
0.4194 -0.8773 0.3881
0.4141 -0.9109 0.3828
0.4094 -0.9449 0.3781
0.4055 -0.9790 0.3742
0.4023 -1.0134 0.3710
0.3998 -1.0480 0.3685
0.3980 -1.0827 0.3667
0.3969 -1.1175 0.3656
0.3966 -1.1524 0.3653
0.3970 -1.1874 0.3657
0.3982 -1.2224 0.3668
0.4000 -1.2574 0.3687
0.4027 -1.2923 0.3714
0.4060 -1.3272 0.3747
0.4101 -1.3619 0.3788
0.4150 -1.3965 0.3837
0.4206 -1.4309 0.3892
0.4269 -1.4651 0.3956
0.4339 -1.4990 0.4026
0.4417 -1.5327 0.4104
0.4502 -1.5660 0.4189
0.4594 -1.5989 0.4281
0.4693 -1.6315 0.4380
0.4799 -1.6636 0.4486
0.4912 -1.6953 0.4598
0.5031 -1.7265 0.4718
0.5157 -1.7572 0.4844
0.5290 -1.7874 0.4977
0.5429 -1.8169 0.5116
0.5574 -1.8459 0.5261
0.5726 -1.8742 0.5413
0.5883 -1.9019 0.5570
0.6046 -1.9289 0.5733
0.6215 -1.9551 0.5902
0.6389 -1.9806 0.6076
0.6569 -2.0054 0.6256
0.6754 -2.0293 0.6440
0.6943 -2.0525 0.6630
0.7137 -2.0748 0.6824
0.7336 -2.0962 0.7023
0.7539 -2.1168 0.7226
0.7746 -2.1365 0.7433
0.7957 -2.1553 0.7644
0.8172 -2.1732 0.7858
0.8390 -2.1901 0.8076
0.8611 -2.2061 0.8298
0.8835 -2.2211 0.8522
0.9062 -2.2352 0.8749
0.9292 -2.2482 0.8978
0.9523 -2.2603 0.9210
0.9757 -2.2714 0.9444
0.9993 -2.2815 0.9679
1.0230 -2.2906 0.9916
1.0468 -2.2986 1.0155
1.0708 -2.3057 1.0394
1.0948 -2.3117 1.0635
1.1189 -2.3168 1.0876
1.1431 -2.3208 1.1117
1.1673 -2.3238 1.1359
1.1914 -2.3258 1.1601
1.2155 -2.3269 1.1842
1.2396 -2.3269 1.2082
1.2636 -2.3259 1.2322
1.2875 -2.3240 1.2562
1.3113 -2.3211 1.2799
1.3350 -2.3173 1.3036
1.3584 -2.3125 1.3271
1.3818 -2.3068 1.3504
1.4049 -2.3002 1.3735
1.4278 -2.2927 1.3964
1.4504 -2.2843 1.4190
1.4728 -2.2751 1.4414
1.4950 -2.2650 1.4636
1.5168 -2.2540 1.4854
1.5383 -2.2423 1.5069
1.5595 -2.2298 1.5282
1.5804 -2.2165 1.5490
1.6010 -2.2024 1.5696
1.6211 -2.1877 1.5897
1.6409 -2.1722 1.6095
1.6603 -2.1560 1.6289
1.6793 -2.1392 1.6479
1.6979 -2.1218 1.6665
1.7160 -2.1037 1.6846
1.7337 -2.0851 1.7023
1.7510 -2.0659 1.7196
1.7679 -2.0461 1.7365
1.7842 -2.0259 1.7528
1.8001 -2.0051 1.7687
1.8156 -1.9839 1.7842
1.8305 -1.9623 1.7991
1.8450 -1.9402 1.8136
1.8590 -1.9178 1.8276
1.8725 -1.8950 1.8411
1.8856 -1.8719 1.8542
1.8981 -1.8485 1.8667
1.9101 -1.8248 1.8787
1.9217 -1.8008 1.8903
1.9327 -1.7766 1.9013
1.9433 -1.7522 1.9119
1.9533 -1.7276 1.9219
1.9629 -1.7028 1.9315
1.9720 -1.6779 1.9406
1.9806 -1.6529 1.9492
1.9887 -1.6278 1.9573
1.9964 -1.6026 1.9650
2.0036 -1.5774 1.9722
2.0103 -1.5522 1.9789
2.0165 -1.5270 1.9851
2.0223 -1.5017 1.9909
2.0277 -1.4766 1.9963
2.0326 -1.4514 2.0012
2.0371 -1.4264 2.0057
2.0411 -1.4014 2.0097
2.0448 -1.3766 2.0134
2.0480 -1.3519 2.0166
2.0508 -1.3273 2.0194
2.0533 -1.3029 2.0218
2.0553 -1.2787 2.0239
2.0570 -1.2546 2.0256
2.0583 -1.2308 2.0269
2.0593 -1.2072 2.0279
2.0599 -1.1838 2.0285
2.0602 -1.1607 2.0288
2.0602 -1.1379 2.0288
2.0599 -1.1153 2.0285
2.0592 -1.0930 2.0278
2.0583 -1.0709 2.0269
2.0572 -1.0492 2.0257
2.0557 -1.0278 2.0243
2.0540 -1.0067 2.0226
2.0521 -0.9860 2.0206
2.0499 -0.9656 2.0185
2.0475 -0.9455 2.0161
2.0449 -0.9257 2.0135
2.0421 -0.9064 2.0107
2.0391 -0.8873 2.0077
2.0360 -0.8687 2.0046
2.0327 -0.8504 2.0013
2.0292 -0.8325 1.9978
2.0257 -0.8149 1.9942
2.0219 -0.7978 1.9905
2.0181 -0.7810 1.9867
2.0142 -0.7646 1.9828
2.0101 -0.7485 1.9787
2.0060 -0.7329 1.9746
2.0018 -0.7176 1.9704
1.9976 -0.7028 1.9662
1.9933 -0.6883 1.9619
1.9890 -0.6742 1.9576
1.9846 -0.6605 1.9532
1.9802 -0.6472 1.9488
1.9758 -0.6342 1.9444
1.9714 -0.6217 1.9400
1.9670 -0.6095 1.9356
1.9626 -0.5977 1.9312
1.9583 -0.5863 1.9269
1.9540 -0.5753 1.9226
1.9497 -0.5647 1.9183
1.9455 -0.5544 1.9141
1.9413 -0.5445 1.9099
1.9372 -0.5349 1.9058
1.9332 -0.5258 1.9018
1.9292 -0.5170 1.8978
1.9254 -0.5085 1.8940
1.9216 -0.5005 1.8902
1.9180 -0.4927 1.8866
1.9144 -0.4854 1.8830
1.9110 -0.4784 1.8796
1.9077 -0.4717 1.8763
1.9045 -0.4654 1.8731
1.9015 -0.4595 1.8701
1.8986 -0.4538 1.8672
1.8959 -0.4486 1.8644
1.8933 -0.4437 1.8618
1.8908 -0.4391 1.8594
1.8885 -0.4348 1.8571
1.8864 -0.4309 1.8550
1.8844 -0.4274 1.8530
1.8827 -0.4242 1.8513
1.8810 -0.4213 1.8496
1.8796 -0.4187 1.8482
1.8784 -0.4165 1.8470
1.8773 -0.4146 1.8459
1.8764 -0.4131 1.8450
1.8758 -0.4119 1.8444
1.8753 -0.4111 1.8439
1.8750 -0.4105 1.8436
1.8749 -0.4104 1.8435
1.8749 -0.4104 1.8435
1.8749 -0.4104 1.8435
1.8749 -0.4104 1.8435
1.8749 -0.4104 1.8435
1.8749 -0.4104 1.8435
1.8749 -0.4104 1.8435
1.8749 -0.4104 1.8435
1.8749 -0.4104 1.8435
1.8749 -0.4104 1.8435
1.8749 -0.4104 1.8435
1.8749 -0.4104 1.8435
1.8749 -0.4104 1.8435
1.8749 -0.4104 1.8435
1.8749 -0.4104 1.8435
1.8749 -0.4104 1.8435
1.8749 -0.4104 1.8435
1.8749 -0.4104 1.8435
1.8749 -0.4104 1.8435
1.8749 -0.4104 1.8435
1.8749 -0.4104 1.8435
1.8749 -0.4104 1.8435
1.8749 -0.4104 1.8435
1.8749 -0.4104 1.8435
1.8749 -0.4104 1.8435
1.8749 -0.4104 1.8435
1.8749 -0.4104 1.8435
1.8749 -0.4104 1.8435
1.8749 -0.4104 1.8435
1.8749 -0.4104 1.8435
1.8749 -0.4104 1.8435
1.8712 -0.4173 1.8446
1.8672 -0.4250 1.8459
1.8660 -0.4290 1.8487
1.8639 -0.4332 1.8513
1.8614 -0.4379 1.8537
1.8606 -0.4399 1.8568
1.8594 -0.4439 1.8598
1.8567 -0.4506 1.8623
1.8543 -0.4557 1.8647
1.8530 -0.4614 1.8676
1.8516 -0.4659 1.8700
1.8494 -0.4710 1.8718
1.8466 -0.4768 1.8728
1.8422 -0.4846 1.8727
1.8365 -0.4943 1.8716
1.8317 -0.5027 1.8716
1.8265 -0.5117 1.8712
1.8210 -0.5214 1.8705
1.8150 -0.5316 1.8695
1.8088 -0.5423 1.8682
1.8019 -0.5538 1.8665
1.7947 -0.5657 1.8644
1.7874 -0.5779 1.8622
1.7795 -0.5909 1.8596
1.7716 -0.6040 1.8569
1.7636 -0.6171 1.8540
1.7552 -0.6310 1.8509
1.7462 -0.6452 1.8474
1.7372 -0.6593 1.8438
1.7282 -0.6731 1.8401
1.7193 -0.6867 1.8364
1.7105 -0.7000 1.8326
1.7013 -0.7140 1.8287
1.6922 -0.7277 1.8248
1.6824 -0.7414 1.8204
1.6729 -0.7546 1.8162
1.6633 -0.7685 1.8118
1.6520 -0.7848 1.8063
1.6394 -0.8037 1.8001
1.6267 -0.8225 1.7937
1.6144 -0.8409 1.7876
1.6028 -0.8582 1.7819
1.5923 -0.8737 1.7770
1.5828 -0.8870 1.7729
1.5745 -0.8983 1.7697
1.5673 -0.9075 1.7672
1.5608 -0.9153 1.7654
1.5551 -0.9218 1.7641
1.5501 -0.9270 1.7633
1.5455 -0.9311 1.7627
1.5423 -0.9331 1.7618
1.5423 -0.9331 1.7618
1.5422 -0.9331 1.7619
1.5420 -0.9331 1.7622
1.5418 -0.9331 1.7627
1.5414 -0.9331 1.7633
1.5409 -0.9331 1.7642
1.5403 -0.9331 1.7652
1.5396 -0.9331 1.7665
1.5387 -0.9331 1.7678
1.5378 -0.9331 1.7694
1.5367 -0.9331 1.7712
1.5356 -0.9331 1.7731
1.5343 -0.9331 1.7752
1.5329 -0.9331 1.7775
1.5314 -0.9331 1.7799
1.5297 -0.9331 1.7825
1.5280 -0.9331 1.7853
1.5261 -0.9331 1.7882
1.5241 -0.9331 1.7913
1.5219 -0.9331 1.7945
1.5197 -0.9331 1.7979
1.5173 -0.9331 1.8014
1.5147 -0.9331 1.8050
1.5121 -0.9331 1.8088
1.5092 -0.9331 1.8128
1.5063 -0.9331 1.8168
1.5032 -0.9331 1.8210
1.4999 -0.9331 1.8253
1.4965 -0.9331 1.8297
1.4929 -0.9331 1.8342
1.4892 -0.9331 1.8389
1.4853 -0.9331 1.8436
1.4813 -0.9331 1.8484
1.4770 -0.9331 1.8533
1.4726 -0.9331 1.8583
1.4681 -0.9331 1.8634
1.4633 -0.9331 1.8686
1.4584 -0.9331 1.8738
1.4533 -0.9331 1.8791
1.4480 -0.9331 1.8844
1.4425 -0.9331 1.8898
1.4369 -0.9331 1.8952
1.4310 -0.9331 1.9007
1.4249 -0.9331 1.9062
1.4187 -0.9331 1.9117
1.4122 -0.9331 1.9172
1.4056 -0.9331 1.9228
1.3987 -0.9331 1.9283
1.3916 -0.9331 1.9338
1.3843 -0.9331 1.9394
1.3769 -0.9331 1.9448
1.3692 -0.9331 1.9503
1.3612 -0.9331 1.9557
1.3531 -0.9331 1.9611
1.3448 -0.9331 1.9664
1.3362 -0.9331 1.9717
1.3275 -0.9331 1.9768
1.3185 -0.9331 1.9819
1.3093 -0.9331 1.9869
1.2999 -0.9331 1.9918
1.2902 -0.9331 1.9966
1.2804 -0.9331 2.0013
1.2704 -0.9331 2.0058
1.2601 -0.9331 2.0102
1.2496 -0.9331 2.0145
1.2390 -0.9331 2.0186
1.2281 -0.9331 2.0226
1.2170 -0.9331 2.0263
1.2058 -0.9331 2.0299
1.1943 -0.9331 2.0333
1.1827 -0.9331 2.0365
1.1709 -0.9331 2.0395
1.1588 -0.9331 2.0423
1.1467 -0.9331 2.0448
1.1343 -0.9331 2.0471
1.1218 -0.9331 2.0491
1.1091 -0.9331 2.0509
1.0963 -0.9331 2.0525
1.0833 -0.9331 2.0537
1.0702 -0.9331 2.0547
1.0570 -0.9331 2.0554
1.0436 -0.9331 2.0558
1.0301 -0.9331 2.0559
1.0165 -0.9331 2.0557
1.0028 -0.9331 2.0551
0.9891 -0.9331 2.0543
0.9752 -0.9331 2.0531
0.9613 -0.9331 2.0515
0.9473 -0.9331 2.0496
0.9333 -0.9331 2.0474
0.9192 -0.9331 2.0448
0.9051 -0.9331 2.0418
0.8910 -0.9331 2.0385
0.8769 -0.9331 2.0348
0.8628 -0.9331 2.0308
0.8487 -0.9331 2.0263
0.8346 -0.9331 2.0215
0.8206 -0.9331 2.0162
0.8066 -0.9331 2.0106
0.7927 -0.9331 2.0046
0.7789 -0.9331 1.9982
0.7652 -0.9331 1.9915
0.7516 -0.9331 1.9843
0.7381 -0.9331 1.9767
0.7248 -0.9331 1.9687
0.7116 -0.9331 1.9604
0.6986 -0.9331 1.9516
0.6857 -0.9331 1.9425
0.6730 -0.9331 1.9330
0.6606 -0.9331 1.9231
0.6484 -0.9331 1.9128
0.6363 -0.9331 1.9021
0.6246 -0.9331 1.8911
0.6131 -0.9331 1.8797
0.6019 -0.9331 1.8679
0.5909 -0.9331 1.8558
0.5803 -0.9331 1.8433
0.5700 -0.9331 1.8305
0.5600 -0.9331 1.8174
0.5503 -0.9331 1.8040
0.5410 -0.9331 1.7902
0.5321 -0.9331 1.7761
0.5235 -0.9331 1.7618
0.5153 -0.9331 1.7471
0.5075 -0.9331 1.7322
0.5002 -0.9331 1.7170
0.4932 -0.9331 1.7016
0.4867 -0.9331 1.6859
0.4806 -0.9331 1.6700
0.4750 -0.9331 1.6539
0.4698 -0.9331 1.6376
0.4651 -0.9331 1.6211
0.4608 -0.9331 1.6044
0.4571 -0.9331 1.5876
0.4538 -0.9331 1.5706
0.4510 -0.9331 1.5536
0.4488 -0.9331 1.5364
0.4470 -0.9331 1.5191
0.4457 -0.9331 1.5017
0.4450 -0.9331 1.4843
0.4447 -0.9331 1.4669
0.4450 -0.9331 1.4494
0.4458 -0.9331 1.4319
0.4472 -0.9331 1.4144
0.4490 -0.9331 1.3969
0.4514 -0.9331 1.3795
0.4543 -0.9331 1.3621
0.4577 -0.9331 1.3448
0.4617 -0.9331 1.3276
0.4661 -0.9331 1.3105
0.4711 -0.9331 1.2936
0.4766 -0.9331 1.2767
0.4826 -0.9331 1.2601
0.4891 -0.9331 1.2436
0.4961 -0.9331 1.2273
0.5036 -0.9331 1.2113
0.5116 -0.9331 1.1954
0.5200 -0.9331 1.1798
0.5290 -0.9331 1.1645
0.5384 -0.9331 1.1494
0.5482 -0.9331 1.1346
0.5585 -0.9331 1.1201
0.5692 -0.9331 1.1060
0.5803 -0.9331 1.0921
0.5918 -0.9331 1.0787
0.6038 -0.9331 1.0655
0.6161 -0.9331 1.0528
0.6288 -0.9331 1.0404
0.6418 -0.9331 1.0284
0.6552 -0.9331 1.0169
0.6690 -0.9331 1.0057
0.6830 -0.9331 0.9950
0.6974 -0.9331 0.9847
0.7120 -0.9331 0.9748
0.7269 -0.9331 0.9654
0.7421 -0.9331 0.9565
0.7575 -0.9331 0.9480
0.7732 -0.9331 0.9400
0.7890 -0.9331 0.9325
0.8051 -0.9331 0.9255
0.8213 -0.9331 0.9190
0.8377 -0.9331 0.9129
0.8542 -0.9331 0.9074
0.8709 -0.9331 0.9023
0.8876 -0.9331 0.8978
0.9045 -0.9331 0.8938
0.9214 -0.9331 0.8902
0.9384 -0.9331 0.8872
0.9555 -0.9331 0.8847
0.9726 -0.9331 0.8827
0.9896 -0.9331 0.8812
1.0067 -0.9331 0.8802
1.0238 -0.9331 0.8797
1.0408 -0.9331 0.8796
1.0578 -0.9331 0.8801
1.0747 -0.9331 0.8811
1.0915 -0.9331 0.8825
1.1082 -0.9331 0.8844
1.1248 -0.9331 0.8868
1.1413 -0.9331 0.8897
1.1577 -0.9331 0.8930
1.1738 -0.9331 0.8967
1.1899 -0.9331 0.9009
1.2057 -0.9331 0.9055
1.2214 -0.9331 0.9106
1.2368 -0.9331 0.9161
1.2520 -0.9331 0.9219
1.2670 -0.9331 0.9282
1.2818 -0.9331 0.9348
1.2963 -0.9331 0.9419
1.3106 -0.9331 0.9492
1.3245 -0.9331 0.9570
1.3383 -0.9331 0.9651
1.3517 -0.9331 0.9735
1.3648 -0.9331 0.9822
1.3777 -0.9331 0.9912
1.3902 -0.9331 1.0005
1.4024 -0.9331 1.0101
1.4143 -0.9331 1.0200
1.4259 -0.9331 1.0301
1.4371 -0.9331 1.0405
1.4481 -0.9331 1.0511
1.4586 -0.9331 1.0619
1.4689 -0.9331 1.0730
1.4788 -0.9331 1.0842
1.4883 -0.9331 1.0956
1.4975 -0.9331 1.1071
1.5064 -0.9331 1.1188
1.5149 -0.9331 1.1307
1.5231 -0.9331 1.1427
1.5309 -0.9331 1.1548
1.5383 -0.9331 1.1670
1.5455 -0.9331 1.1793
1.5522 -0.9331 1.1917
1.5587 -0.9331 1.2041
1.5648 -0.9331 1.2166
1.5705 -0.9331 1.2292
1.5759 -0.9331 1.2418
1.5810 -0.9331 1.2544
1.5857 -0.9331 1.2670
1.5902 -0.9331 1.2796
1.5943 -0.9331 1.2922
1.5980 -0.9331 1.3048
1.6015 -0.9331 1.3174
1.6047 -0.9331 1.3299
1.6075 -0.9331 1.3424
1.6101 -0.9331 1.3548
1.6124 -0.9331 1.3671
1.6144 -0.9331 1.3794
1.6161 -0.9331 1.3916
1.6176 -0.9331 1.4037
1.6188 -0.9331 1.4158
1.6197 -0.9331 1.4277
1.6204 -0.9331 1.4395
1.6208 -0.9331 1.4512
1.6210 -0.9331 1.4627
1.6210 -0.9331 1.4741
1.6208 -0.9331 1.4854
1.6203 -0.9331 1.4966
1.6197 -0.9331 1.5076
1.6189 -0.9331 1.5185
1.6178 -0.9331 1.5292
1.6166 -0.9331 1.5397
1.6153 -0.9331 1.5501
1.6137 -0.9331 1.5603
1.6120 -0.9331 1.5703
1.6102 -0.9331 1.5802
1.6082 -0.9331 1.5899
1.6061 -0.9331 1.5994
1.6039 -0.9331 1.6087
1.6016 -0.9331 1.6179
1.5991 -0.9331 1.6268
1.5966 -0.9331 1.6356
1.5940 -0.9331 1.6442
1.5913 -0.9331 1.6526
1.5885 -0.9331 1.6608
1.5856 -0.9331 1.6688
1.5827 -0.9331 1.6766
1.5798 -0.9331 1.6842
1.5768 -0.9331 1.6917
1.5737 -0.9331 1.6989
1.5707 -0.9331 1.7060
1.5676 -0.9331 1.7128
1.5645 -0.9331 1.7195
1.5614 -0.9331 1.7259
1.5582 -0.9331 1.7322
1.5551 -0.9331 1.7383
1.5520 -0.9331 1.7442
1.5490 -0.9331 1.7499
1.5459 -0.9331 1.7554
1.5429 -0.9331 1.7607
1.5399 -0.9331 1.7659
1.5369 -0.9331 1.7708
1.5369 -0.9331 1.7708
1.5387 -0.9255 1.7692
1.5412 -0.9183 1.7698
1.5434 -0.9099 1.7701
1.5462 -0.9015 1.7721
1.5484 -0.8915 1.7735
1.5498 -0.8801 1.7740
1.5508 -0.8674 1.7743
1.5513 -0.8535 1.7739
1.5521 -0.8390 1.7745
1.5516 -0.8230 1.7726
1.5514 -0.8063 1.7715
1.5498 -0.7885 1.7679
1.5472 -0.7701 1.7626
1.5449 -0.7518 1.7580
1.5418 -0.7340 1.7519
1.5402 -0.7186 1.7477
1.5383 -0.7032 1.7432
1.5362 -0.6876 1.7384
1.5339 -0.6720 1.7333
1.5313 -0.6561 1.7275
1.5285 -0.6404 1.7215
1.5256 -0.6250 1.7154
1.5223 -0.6094 1.7086
1.5190 -0.5941 1.7017
1.5156 -0.5792 1.6947
1.5118 -0.5644 1.6870
1.5081 -0.5500 1.6793
1.5043 -0.5361 1.6716
1.5005 -0.5228 1.6639
1.4963 -0.5097 1.6554
1.4921 -0.4973 1.6470
1.4880 -0.4855 1.6386
1.4833 -0.4742 1.6295
1.4787 -0.4637 1.6207
1.4744 -0.4540 1.6123
1.4702 -0.4450 1.6043
1.4657 -0.4366 1.5956
1.4615 -0.4289 1.5875
1.4575 -0.4219 1.5799
1.4538 -0.4157 1.5728
1.4504 -0.4103 1.5663
1.4473 -0.4055 1.5601
1.4439 -0.4012 1.5535
1.4409 -0.3975 1.5475
1.4381 -0.3942 1.5420
1.4355 -0.3913 1.5370
1.4331 -0.3889 1.5324
1.4310 -0.3868 1.5282
1.4289 -0.3850 1.5244
1.4271 -0.3836 1.5209
1.4254 -0.3825 1.5178
1.4238 -0.3816 1.5150
1.4223 -0.3809 1.5124
1.4210 -0.3803 1.5101
1.4198 -0.3800 1.5081
1.4187 -0.3798 1.5063
1.4176 -0.3797 1.5047
1.4167 -0.3797 1.5034
1.4159 -0.3797 1.5022
1.4152 -0.3799 1.5013
1.4146 -0.3801 1.5006
1.4141 -0.3803 1.5001
1.4138 -0.3805 1.4999
1.4136 -0.3806 1.4998
1.4136 -0.3806 1.4998
1.4136 -0.3806 1.4998
1.4136 -0.3806 1.4998
1.4136 -0.3806 1.4998
1.4136 -0.3806 1.4998
1.4136 -0.3806 1.4998
1.4136 -0.3806 1.4998
1.4136 -0.3806 1.4998
1.4136 -0.3806 1.4998
1.4136 -0.3806 1.4998
1.4136 -0.3806 1.4998
1.4136 -0.3806 1.4998
1.4136 -0.3806 1.4998
1.4136 -0.3806 1.4998
1.4136 -0.3806 1.4998
1.4136 -0.3806 1.4998
1.4136 -0.3806 1.4994
1.4136 -0.3806 1.4986
1.4136 -0.3806 1.4976
1.4136 -0.3806 1.4963
1.4136 -0.3806 1.4947
1.4136 -0.3806 1.4928
1.4135 -0.3806 1.4906
1.4135 -0.3806 1.4881
1.4134 -0.3806 1.4854
1.4133 -0.3806 1.4824
1.4132 -0.3806 1.4791
1.4130 -0.3806 1.4756
1.4128 -0.3806 1.4717
1.4126 -0.3806 1.4677
1.4123 -0.3806 1.4633
1.4119 -0.3806 1.4587
1.4115 -0.3806 1.4539
1.4110 -0.3806 1.4488
1.4104 -0.3806 1.4434
1.4098 -0.3806 1.4378
1.4090 -0.3806 1.4320
1.4081 -0.3806 1.4259
1.4071 -0.3806 1.4196
1.4060 -0.3806 1.4131
1.4048 -0.3806 1.4064
1.4034 -0.3806 1.3994
1.4019 -0.3806 1.3922
1.4002 -0.3806 1.3849
1.3984 -0.3806 1.3773
1.3963 -0.3806 1.3695
1.3941 -0.3806 1.3616
1.3917 -0.3806 1.3535
1.3891 -0.3806 1.3452
1.3863 -0.3806 1.3368
1.3832 -0.3806 1.3282
1.3799 -0.3806 1.3194
1.3764 -0.3806 1.3106
1.3726 -0.3806 1.3016
1.3686 -0.3806 1.2925
1.3643 -0.3806 1.2833
1.3597 -0.3806 1.2740
1.3548 -0.3806 1.2646
1.3496 -0.3806 1.2552
1.3442 -0.3806 1.2457
1.3384 -0.3806 1.2362
1.3323 -0.3806 1.2266
1.3259 -0.3806 1.2170
1.3192 -0.3806 1.2075
1.3121 -0.3806 1.1979
1.3047 -0.3806 1.1884
1.2969 -0.3806 1.1789
1.2888 -0.3806 1.1695
1.2804 -0.3806 1.1601
1.2716 -0.3806 1.1509
1.2624 -0.3806 1.1417
1.2529 -0.3806 1.1327
1.2431 -0.3806 1.1238
1.2329 -0.3806 1.1151
1.2223 -0.3806 1.1066
1.2114 -0.3806 1.0983
1.2001 -0.3806 1.0902
1.1885 -0.3806 1.0823
1.1765 -0.3806 1.0746
1.1642 -0.3806 1.0673
1.1516 -0.3806 1.0602
1.1386 -0.3806 1.0534
1.1253 -0.3806 1.0470
1.1117 -0.3806 1.0409
1.0978 -0.3806 1.0351
1.0837 -0.3806 1.0297
1.0692 -0.3806 1.0248
1.0545 -0.3806 1.0202
1.0395 -0.3806 1.0160
1.0243 -0.3806 1.0123
1.0088 -0.3806 1.0091
0.9931 -0.3806 1.0063
0.9773 -0.3806 1.0040
0.9612 -0.3806 1.0022
0.9450 -0.3806 1.0009
0.9287 -0.3806 1.0002
0.9122 -0.3806 1.0000
0.8957 -0.3806 1.0003
0.8790 -0.3806 1.0012
0.8623 -0.3806 1.0026
0.8456 -0.3806 1.0046
0.8288 -0.3806 1.0072
0.8120 -0.3806 1.0104
0.7953 -0.3806 1.0142
0.7786 -0.3806 1.0185
0.7621 -0.3806 1.0235
0.7456 -0.3806 1.0290
0.7292 -0.3806 1.0352
0.7130 -0.3806 1.0420
0.6970 -0.3806 1.0493
0.6812 -0.3806 1.0573
0.6656 -0.3806 1.0658
0.6503 -0.3806 1.0749
0.6352 -0.3806 1.0846
0.6205 -0.3806 1.0949
0.6061 -0.3806 1.1057
0.5920 -0.3806 1.1171
0.5783 -0.3806 1.1290
0.5651 -0.3806 1.1415
0.5522 -0.3806 1.1544
0.5398 -0.3806 1.1679
0.5279 -0.3806 1.1818
0.5165 -0.3806 1.1962
0.5055 -0.3806 1.2111
0.4951 -0.3806 1.2263
0.4853 -0.3806 1.2420
0.4760 -0.3806 1.2581
0.4674 -0.3806 1.2745
0.4593 -0.3806 1.2912
0.4518 -0.3806 1.3083
0.4450 -0.3806 1.3257
0.4388 -0.3806 1.3433
0.4333 -0.3806 1.3612
0.4284 -0.3806 1.3792
0.4242 -0.3806 1.3975
0.4207 -0.3806 1.4159
0.4179 -0.3806 1.4344
0.4158 -0.3806 1.4531
0.4144 -0.3806 1.4718
0.4137 -0.3806 1.4906
0.4137 -0.3806 1.5093
0.4144 -0.3806 1.5281
0.4158 -0.3806 1.5468
0.4179 -0.3806 1.5655
0.4207 -0.3806 1.5840
0.4242 -0.3806 1.6024
0.4284 -0.3806 1.6207
0.4333 -0.3806 1.6387
0.4388 -0.3806 1.6566
0.4450 -0.3806 1.6742
0.4518 -0.3806 1.6916
0.4593 -0.3806 1.7087
0.4674 -0.3806 1.7254
0.4760 -0.3806 1.7418
0.4853 -0.3806 1.7579
0.4951 -0.3806 1.7736
0.5055 -0.3806 1.7888
0.5165 -0.3806 1.8037
0.5279 -0.3806 1.8181
0.5398 -0.3806 1.8320
0.5522 -0.3806 1.8455
0.5651 -0.3806 1.8584
0.5783 -0.3806 1.8709
0.5920 -0.3806 1.8828
0.6061 -0.3806 1.8942
0.6205 -0.3806 1.9050
0.6352 -0.3806 1.9153
0.6503 -0.3806 1.9250
0.6656 -0.3806 1.9341
0.6812 -0.3806 1.9426
0.6970 -0.3806 1.9506
0.7130 -0.3806 1.9579
0.7292 -0.3806 1.9647
0.7456 -0.3806 1.9709
0.7621 -0.3806 1.9764
0.7786 -0.3806 1.9814
0.7953 -0.3806 1.9857
0.8120 -0.3806 1.9895
0.8288 -0.3806 1.9927
0.8456 -0.3806 1.9953
0.8623 -0.3806 1.9973
0.8790 -0.3806 1.9987
0.8957 -0.3806 1.9996
0.9122 -0.3806 1.9999
0.9287 -0.3806 1.9997
0.9450 -0.3806 1.9990
0.9612 -0.3806 1.9977
0.9773 -0.3806 1.9959
0.9931 -0.3806 1.9936
1.0088 -0.3806 1.9908
1.0243 -0.3806 1.9876
1.0395 -0.3806 1.9839
1.0545 -0.3806 1.9797
1.0692 -0.3806 1.9751
1.0837 -0.3806 1.9702
1.0978 -0.3806 1.9648
1.1117 -0.3806 1.9590
1.1253 -0.3806 1.9529
1.1386 -0.3806 1.9465
1.1516 -0.3806 1.9397
1.1642 -0.3806 1.9326
1.1765 -0.3806 1.9253
1.1885 -0.3806 1.9176
1.2001 -0.3806 1.9097
1.2114 -0.3806 1.9016
1.2223 -0.3806 1.8933
1.2329 -0.3806 1.8848
1.2431 -0.3806 1.8761
1.2529 -0.3806 1.8672
1.2624 -0.3806 1.8582
1.2716 -0.3806 1.8490
1.2804 -0.3806 1.8398
1.2888 -0.3806 1.8304
1.2969 -0.3806 1.8210
1.3047 -0.3806 1.8115
1.3121 -0.3806 1.8020
1.3192 -0.3806 1.7924
1.3259 -0.3806 1.7829
1.3323 -0.3806 1.7733
1.3384 -0.3806 1.7637
1.3442 -0.3806 1.7542
1.3496 -0.3806 1.7447
1.3548 -0.3806 1.7353
1.3597 -0.3806 1.7259
1.3643 -0.3806 1.7166
1.3686 -0.3806 1.7074
1.3726 -0.3806 1.6983
1.3764 -0.3806 1.6893
1.3799 -0.3806 1.6805
1.3832 -0.3806 1.6717
1.3863 -0.3806 1.6631
1.3891 -0.3806 1.6547
1.3917 -0.3806 1.6464
1.3941 -0.3806 1.6383
1.3963 -0.3806 1.6304
1.3984 -0.3806 1.6226
1.4002 -0.3806 1.6150
1.4019 -0.3806 1.6077
1.4034 -0.3806 1.6005
1.4048 -0.3806 1.5935
1.4060 -0.3806 1.5868
1.4071 -0.3806 1.5803
1.4081 -0.3806 1.5740
1.4090 -0.3806 1.5679
1.4098 -0.3806 1.5621
1.4104 -0.3806 1.5565
1.4110 -0.3806 1.5511
1.4115 -0.3806 1.5460
1.4119 -0.3806 1.5412
1.4123 -0.3806 1.5366
1.4126 -0.3806 1.5322
1.4128 -0.3806 1.5282
1.4130 -0.3806 1.5243
1.4132 -0.3806 1.5208
1.4133 -0.3806 1.5175
1.4134 -0.3806 1.5145
1.4135 -0.3806 1.5118
1.4135 -0.3806 1.5093
1.4136 -0.3806 1.5071
1.4136 -0.3806 1.5052
1.4136 -0.3806 1.5036
1.4136 -0.3806 1.5023
1.4136 -0.3806 1.5013
1.4136 -0.3806 1.5005
1.4136 -0.3806 1.5001
1.4136 -0.3806 1.4999
1.4136 -0.3806 1.4999
1.4136 -0.3806 1.4999
1.4190 -0.3865 1.4999
1.4251 -0.3932 1.4999
1.4323 -0.4012 1.4999
1.4409 -0.4106 1.4999
1.4507 -0.4214 1.4999
1.4618 -0.4336 1.4999
1.4742 -0.4472 1.4999
1.4877 -0.4620 1.4999
1.5020 -0.4777 1.4999
1.5164 -0.4935 1.4999
1.5305 -0.5090 1.4999
1.5440 -0.5238 1.4999
1.5568 -0.5379 1.4999
1.5687 -0.5509 1.4999
1.5797 -0.5630 1.4999
1.5905 -0.5749 1.5000
1.6011 -0.5866 1.5000
1.6116 -0.5981 1.5000
1.6219 -0.6094 1.5000
1.6344 -0.6231 1.5000
1.6473 -0.6373 1.5000
1.6605 -0.6517 1.5000
1.6737 -0.6663 1.5000
1.6866 -0.6804 1.5000
1.6987 -0.6937 1.5000
1.7095 -0.7056 1.5000
1.7189 -0.7160 1.5000
1.7271 -0.7249 1.5000
1.7338 -0.7324 1.5000
1.7393 -0.7384 1.5000
1.7440 -0.7435 1.5000
1.7479 -0.7478 1.5000
