1.7500 -1.7500 1.5000
1.7500 -1.7500 1.5000
1.7500 -1.7580 1.5000
1.7501 -1.7660 1.4999
1.7501 -1.7746 1.4997
1.7501 -1.7843 1.4994
1.7501 -1.7952 1.4986
1.7501 -1.8076 1.4974
1.7500 -1.8214 1.4956
1.7498 -1.8367 1.4929
1.7498 -1.8535 1.4894
1.7495 -1.8717 1.4849
1.7513 -1.8889 1.4807
1.7548 -1.9005 1.4805
1.7605 -1.9086 1.4820
1.7659 -1.9161 1.4841
1.7728 -1.9207 1.4875
1.7769 -1.9273 1.4896
1.7811 -1.9330 1.4924
1.7854 -1.9378 1.4958
1.7905 -1.9421 1.4995
1.7955 -1.9453 1.5038
1.8005 -1.9477 1.5088
1.8054 -1.9490 1.5144
1.8103 -1.9494 1.5207
1.8151 -1.9487 1.5277
1.8199 -1.9470 1.5353
1.8246 -1.9443 1.5435
1.8291 -1.9407 1.5523
1.8335 -1.9361 1.5616
1.8379 -1.9306 1.5714
1.8420 -1.9241 1.5817
1.8461 -1.9166 1.5925
1.8500 -1.9082 1.6037
1.8538 -1.8988 1.6154
1.8574 -1.8884 1.6276
1.8610 -1.8770 1.6401
1.8645 -1.8646 1.6532
1.8672 -1.8514 1.6666
1.8694 -1.8386 1.6795
1.8711 -1.8261 1.6918
1.8722 -1.8140 1.7034
1.8724 -1.8021 1.7149
1.8724 -1.7908 1.7258
1.8747 -1.7752 1.7405
1.8749 -1.7595 1.7556
1.8746 -1.7446 1.7699
1.8727 -1.7302 1.7838
1.8696 -1.7166 1.7972
1.8662 -1.7043 1.8092
1.8624 -1.6938 1.8193
1.8583 -1.6847 1.8276
1.8542 -1.6769 1.8343
1.8501 -1.6701 1.8396
1.8461 -1.6641 1.8435
1.8422 -1.6588 1.8462
1.8383 -1.6540 1.8479
1.8350 -1.6507 1.8478
1.8350 -1.6507 1.8478
1.8351 -1.6505 1.8478
1.8353 -1.6500 1.8481
1.8357 -1.6491 1.8484
1.8362 -1.6479 1.8489
1.8368 -1.6464 1.8495
1.8375 -1.6446 1.8502
1.8384 -1.6424 1.8511
1.8394 -1.6399 1.8521
1.8405 -1.6370 1.8532
1.8418 -1.6338 1.8545
1.8431 -1.6303 1.8559
1.8446 -1.6265 1.8573
1.8462 -1.6223 1.8589
1.8479 -1.6178 1.8606
1.8497 -1.6130 1.8624
1.8516 -1.6078 1.8643
1.8535 -1.6023 1.8663
1.8556 -1.5965 1.8683
1.8578 -1.5904 1.8705
1.8600 -1.5839 1.8727
1.8623 -1.5770 1.8750
1.8647 -1.5699 1.8774
1.8671 -1.5624 1.8798
1.8695 -1.5546 1.8823
1.8721 -1.5464 1.8848
1.8746 -1.5379 1.8873
1.8772 -1.5291 1.8899
1.8798 -1.5199 1.8925
1.8825 -1.5104 1.8952
1.8851 -1.5005 1.8978
1.8877 -1.4903 1.9005
1.8904 -1.4798 1.9031
1.8930 -1.4689 1.9057
1.8956 -1.4577 1.9083
1.8982 -1.4462 1.9109
1.9007 -1.4343 1.9135
1.9032 -1.4221 1.9160
1.9057 -1.4096 1.9184
1.9081 -1.3967 1.9208
1.9104 -1.3835 1.9231
1.9126 -1.3700 1.9253
1.9147 -1.3561 1.9274
1.9167 -1.3419 1.9295
1.9187 -1.3274 1.9314
1.9205 -1.3126 1.9332
1.9221 -1.2975 1.9348
1.9237 -1.2820 1.9364
1.9251 -1.2663 1.9378
1.9263 -1.2502 1.9390
1.9273 -1.2339 1.9401
1.9282 -1.2172 1.9409
1.9289 -1.2003 1.9416
1.9294 -1.1831 1.9421
1.9297 -1.1657 1.9424
1.9298 -1.1479 1.9425
1.9296 -1.1300 1.9424
1.9293 -1.1117 1.9420
1.9286 -1.0933 1.9413
1.9277 -1.0746 1.9405
1.9266 -1.0557 1.9393
1.9252 -1.0366 1.9379
1.9235 -1.0173 1.9362
1.9215 -0.9978 1.9342
1.9192 -0.9782 1.9319
1.9166 -0.9583 1.9293
1.9137 -0.9384 1.9264
1.9104 -0.9183 1.9232
1.9069 -0.8981 1.9196
1.9030 -0.8778 1.9157
1.8987 -0.8574 1.9114
1.8941 -0.8369 1.9068
1.8891 -0.8164 1.9018
1.8838 -0.7958 1.8965
1.8781 -0.7752 1.8908
1.8720 -0.7546 1.8847
1.8655 -0.7341 1.8782
1.8586 -0.7135 1.8714
1.8514 -0.6930 1.8641
1.8437 -0.6726 1.8565
1.8357 -0.6522 1.8484
1.8272 -0.6320 1.8400
1.8184 -0.6119 1.8311
1.8091 -0.5919 1.8218
1.7994 -0.5721 1.8122
1.7893 -0.5525 1.8021
1.7788 -0.5331 1.7916
1.7679 -0.5140 1.7807
1.7566 -0.4951 1.7694
1.7449 -0.4765 1.7577
1.7328 -0.4581 1.7455
1.7202 -0.4401 1.7330
1.7073 -0.4225 1.7201
1.6940 -0.4052 1.7067
1.6802 -0.3883 1.6930
1.6661 -0.3718 1.6789
1.6516 -0.3557 1.6644
1.6367 -0.3401 1.6495
1.6215 -0.3249 1.6343
1.6059 -0.3103 1.6187
1.5899 -0.2961 1.6027
1.5736 -0.2825 1.5864
1.5570 -0.2695 1.5698
1.5400 -0.2570 1.5528
1.5227 -0.2452 1.5355
1.5051 -0.2339 1.5179
1.4872 -0.2233 1.5000
1.4690 -0.2133 1.4819
1.4506 -0.2041 1.4634
1.4319 -0.1955 1.4447
1.4130 -0.1876 1.4258
1.3938 -0.1804 1.4067
1.3744 -0.1740 1.3873
1.3549 -0.1683 1.3677
1.3351 -0.1634 1.3480
1.3152 -0.1593 1.3281
1.2952 -0.1559 1.3080
1.2750 -0.1534 1.2878
1.2547 -0.1517 1.2675
1.2343 -0.1508 1.2472
1.2138 -0.1507 1.2267
1.1933 -0.1515 1.2062
1.1728 -0.1531 1.1856
1.1522 -0.1556 1.1651
1.1316 -0.1590 1.1445
1.1111 -0.1632 1.1240
1.0906 -0.1682 1.1035
1.0701 -0.1742 1.0831
1.0498 -0.1810 1.0627
1.0296 -0.1886 1.0425
1.0094 -0.1972 1.0224
0.9895 -0.2066 1.0024
0.9697 -0.2168 0.9826
0.9500 -0.2279 0.9630
0.9306 -0.2399 0.9436
0.9114 -0.2527 0.9244
0.8925 -0.2663 0.9055
0.8738 -0.2807 0.8868
0.8555 -0.2960 0.8684
0.8374 -0.3120 0.8504
0.8197 -0.3289 0.8326
0.8023 -0.3465 0.8152
0.7852 -0.3648 0.7982
0.7686 -0.3839 0.7816
0.7524 -0.4038 0.7653
0.7365 -0.4243 0.7495
0.7211 -0.4455 0.7341
0.7062 -0.4674 0.7192
0.6917 -0.4900 0.7047
0.6778 -0.5131 0.6908
0.6643 -0.5369 0.6773
0.6513 -0.5612 0.6643
0.6389 -0.5861 0.6519
0.6270 -0.6116 0.6400
0.6156 -0.6375 0.6286
0.6048 -0.6639 0.6179
0.5946 -0.6908 0.6077
0.5850 -0.7181 0.5980
0.5760 -0.7458 0.5890
0.5675 -0.7738 0.5806
0.5597 -0.8022 0.5728
0.5525 -0.8309 0.5656
0.5460 -0.8599 0.5590
0.5400 -0.8891 0.5531
0.5347 -0.9186 0.5478
0.5301 -0.9482 0.5431
0.5260 -0.9780 0.5391
0.5226 -1.0080 0.5357
0.5199 -1.0380 0.5330
0.5178 -1.0681 0.5309
0.5164 -1.0983 0.5294
0.5156 -1.1284 0.5286
0.5154 -1.1585 0.5285
0.5159 -1.1886 0.5290
0.5170 -1.2186 0.5301
0.5188 -1.2485 0.5318
0.5212 -1.2782 0.5342
0.5242 -1.3078 0.5372
0.5278 -1.3372 0.5409
0.5321 -1.3664 0.5451
0.5369 -1.3953 0.5499
0.5423 -1.4239 0.5554
0.5483 -1.4522 0.5614
0.5549 -1.4802 0.5679
0.5621 -1.5078 0.5751
0.5698 -1.5351 0.5828
0.5780 -1.5619 0.5910
0.5868 -1.5884 0.5998
0.5960 -1.6144 0.6091
0.6058 -1.6399 0.6188
0.6161 -1.6649 0.6291
0.6268 -1.6894 0.6398
0.6380 -1.7134 0.6510
0.6497 -1.7369 0.6627
0.6617 -1.7598 0.6747
0.6742 -1.7821 0.6872
0.6871 -1.8038 0.7001
0.7004 -1.8249 0.7134
0.7140 -1.8455 0.7270
0.7280 -1.8653 0.7409
0.7423 -1.8846 0.7552
0.7569 -1.9032 0.7698
0.7718 -1.9211 0.7848
0.7870 -1.9384 0.7999
0.8024 -1.9550 0.8154
0.8181 -1.9709 0.8311
0.8340 -1.9861 0.8470
0.8501 -2.0007 0.8631
0.8664 -2.0146 0.8794
0.8829 -2.0277 0.8959
0.8995 -2.0402 0.9125
0.9163 -2.0520 0.9293
0.9332 -2.0631 0.9462
0.9502 -2.0735 0.9632
0.9673 -2.0832 0.9803
0.9845 -2.0923 0.9974
1.0017 -2.1006 1.0146
1.0190 -2.1083 1.0319
1.0363 -2.1153 1.0492
1.0536 -2.1217 1.0665
1.0708 -2.1274 1.0838
1.0881 -2.1324 1.1010
1.1053 -2.1368 1.1182
1.1225 -2.1406 1.1354
1.1397 -2.1438 1.1525
1.1567 -2.1463 1.1696
1.1737 -2.1483 1.1865
1.1905 -2.1496 1.2034
1.2073 -2.1504 1.2201
1.2239 -2.1507 1.2368
1.2404 -2.1503 1.2532
1.2567 -2.1495 1.2696
1.2729 -2.1481 1.2857
1.2889 -2.1463 1.3018
1.3047 -2.1439 1.3176
1.3204 -2.1411 1.3333
1.3359 -2.1378 1.3487
1.3511 -2.1340 1.3640
1.3662 -2.1298 1.3790
1.3810 -2.1252 1.3939
1.3957 -2.1203 1.4085
1.4101 -2.1149 1.4229
1.4242 -2.1092 1.4370
1.4381 -2.1031 1.4510
1.4518 -2.0967 1.4646
1.4653 -2.0900 1.4781
1.4784 -2.0829 1.4912
1.4914 -2.0756 1.5042
1.5040 -2.0681 1.5168
1.5164 -2.0603 1.5292
1.5286 -2.0522 1.5414
1.5405 -2.0439 1.5533
1.5521 -2.0355 1.5649
1.5634 -2.0269 1.5762
1.5745 -2.0180 1.5873
1.5853 -2.0091 1.5981
1.5959 -2.0000 1.6087
1.6062 -1.9908 1.6190
1.6162 -1.9815 1.6290
1.6259 -1.9721 1.6387
1.6354 -1.9626 1.6482
1.6446 -1.9531 1.6574
1.6536 -1.9435 1.6664
1.6623 -1.9339 1.6750
1.6707 -1.9243 1.6835
1.6789 -1.9147 1.6916
1.6868 -1.9051 1.6996
1.6945 -1.8955 1.7072
1.7019 -1.8860 1.7147
1.7091 -1.8765 1.7218
1.7160 -1.8670 1.7288
1.7227 -1.8577 1.7355
1.7292 -1.8484 1.7419
1.7354 -1.8393 1.7482
1.7414 -1.8302 1.7542
1.7472 -1.8213 1.7599
1.7527 -1.8125 1.7655
1.7581 -1.8039 1.7708
1.7632 -1.7954 1.7760
1.7681 -1.7870 1.7809
1.7728 -1.7789 1.7856
1.7773 -1.7709 1.7901
1.7817 -1.7631 1.7944
1.7858 -1.7555 1.7985
1.7897 -1.7481 1.8024
1.7934 -1.7410 1.8062
1.7970 -1.7340 1.8097
1.8004 -1.7273 1.8131
1.8036 -1.7208 1.8163
1.8066 -1.7146 1.8193
1.8095 -1.7086 1.8222
1.8122 -1.7029 1.8249
1.8147 -1.6975 1.8274
1.8171 -1.6923 1.8298
1.8193 -1.6874 1.8320
1.8214 -1.6828 1.8341
1.8233 -1.6785 1.8360
1.8250 -1.6744 1.8378
1.8266 -1.6707 1.8394
1.8281 -1.6673 1.8408
1.8294 -1.6642 1.8422
1.8306 -1.6614 1.8433
1.8317 -1.6589 1.8444
1.8326 -1.6567 1.8453
1.8333 -1.6549 1.8460
1.8339 -1.6534 1.8467
1.8344 -1.6522 1.8472
1.8348 -1.6513 1.8475
1.8350 -1.6508 1.8477
1.8350 -1.6507 1.8478
1.8350 -1.6507 1.8478
1.8350 -1.6507 1.8478
1.8350 -1.6507 1.8478
1.8350 -1.6507 1.8478
1.8350 -1.6507 1.8478
1.8350 -1.6507 1.8478
1.8350 -1.6507 1.8478
1.8350 -1.6507 1.8478
1.8350 -1.6507 1.8478
1.8350 -1.6507 1.8478
1.8350 -1.6507 1.8478
1.8305 -1.6468 1.8420
1.8309 -1.6446 1.8418
1.8285 -1.6433 1.8386
1.8238 -1.6397 1.8327
1.8172 -1.6343 1.8246
1.8089 -1.6274 1.8144
1.7988 -1.6191 1.8023
1.7873 -1.6095 1.7885
1.7761 -1.5986 1.7751
1.7660 -1.5903 1.7631
1.7559 -1.5820 1.7511
1.7461 -1.5740 1.7397
1.7368 -1.5664 1.7289
1.7280 -1.5592 1.7186
1.7197 -1.5524 1.7090
1.7119 -1.5458 1.6997
1.7041 -1.5393 1.6905
1.6964 -1.5329 1.6815
1.6871 -1.5254 1.6705
1.6771 -1.5170 1.6586
1.6667 -1.5082 1.6464
1.6561 -1.4993 1.6341
1.6460 -1.4907 1.6222
1.6367 -1.4829 1.6115
1.6293 -1.4765 1.6029
1.6224 -1.4725 1.5951
1.6150 -1.4665 1.5869
1.6087 -1.4614 1.5798
1.6031 -1.4568 1.5734
1.5981 -1.4526 1.5677
1.5936 -1.4489 1.5627
1.5886 -1.4447 1.5572
1.5886 -1.4447 1.5572
1.5887 -1.4446 1.5573
1.5888 -1.4444 1.5574
1.5890 -1.4439 1.5576
1.5892 -1.4432 1.5579
1.5896 -1.4424 1.5582
1.5900 -1.4413 1.5586
1.5905 -1.4401 1.5591
1.5911 -1.4387 1.5597
1.5917 -1.4371 1.5603
1.5924 -1.4353 1.5610
1.5932 -1.4333 1.5618
1.5940 -1.4311 1.5626
1.5949 -1.4288 1.5635
1.5959 -1.4263 1.5645
1.5969 -1.4236 1.5655
1.5979 -1.4206 1.5665
1.5991 -1.4176 1.5677
1.6002 -1.4143 1.5688
1.6014 -1.4108 1.5701
1.6027 -1.4072 1.5713
1.6040 -1.4033 1.5726
1.6054 -1.3993 1.5740
1.6067 -1.3951 1.5753
1.6081 -1.3907 1.5767
1.6096 -1.3861 1.5782
1.6110 -1.3813 1.5796
1.6125 -1.3763 1.5811
1.6140 -1.3712 1.5826
1.6155 -1.3658 1.5841
1.6170 -1.3603 1.5856
1.6186 -1.3545 1.5872
1.6201 -1.3486 1.5887
1.6216 -1.3425 1.5902
1.6231 -1.3362 1.5917
1.6246 -1.3297 1.5932
1.6261 -1.3230 1.5947
1.6275 -1.3161 1.5962
1.6290 -1.3091 1.5976
1.6304 -1.3018 1.5990
1.6317 -1.2944 1.6003
1.6331 -1.2868 1.6017
1.6343 -1.2790 1.6029
1.6355 -1.2710 1.6042
1.6367 -1.2628 1.6053
1.6378 -1.2544 1.6064
1.6389 -1.2459 1.6075
1.6398 -1.2372 1.6084
1.6407 -1.2283 1.6093
1.6415 -1.2192 1.6101
1.6422 -1.2100 1.6108
1.6428 -1.2006 1.6115
1.6434 -1.1910 1.6120
1.6438 -1.1813 1.6124
1.6441 -1.1714 1.6127
1.6443 -1.1614 1.6129
1.6443 -1.1512 1.6130
1.6443 -1.1409 1.6129
1.6441 -1.1304 1.6127
1.6438 -1.1198 1.6124
1.6433 -1.1091 1.6119
1.6427 -1.0982 1.6113
1.6419 -1.0873 1.6105
1.6410 -1.0762 1.6096
1.6399 -1.0650 1.6085
1.6387 -1.0537 1.6073
1.6372 -1.0423 1.6058
1.6356 -1.0308 1.6042
1.6338 -1.0193 1.6024
1.6319 -1.0077 1.6005
1.6297 -0.9960 1.5983
1.6273 -0.9843 1.5960
1.6248 -0.9725 1.5934
1.6220 -0.9606 1.5907
1.6191 -0.9488 1.5877
1.6159 -0.9369 1.5845
1.6125 -0.9251 1.5811
1.6089 -0.9132 1.5775
1.6051 -0.9013 1.5737
1.6011 -0.8895 1.5697
1.5968 -0.8777 1.5654
1.5923 -0.8659 1.5610
1.5876 -0.8542 1.5562
1.5827 -0.8425 1.5513
1.5775 -0.8309 1.5461
1.5721 -0.8194 1.5407
1.5665 -0.8080 1.5351
1.5606 -0.7967 1.5292
1.5545 -0.7856 1.5231
1.5482 -0.7745 1.5168
1.5416 -0.7637 1.5102
1.5348 -0.7529 1.5034
1.5278 -0.7424 1.4964
1.5205 -0.7320 1.4892
1.5131 -0.7218 1.4817
1.5053 -0.7118 1.4740
1.4974 -0.7021 1.4660
1.4893 -0.6925 1.4579
1.4809 -0.6832 1.4495
1.4723 -0.6742 1.4409
1.4635 -0.6655 1.4321
1.4545 -0.6570 1.4231
1.4453 -0.6488 1.4139
1.4359 -0.6409 1.4045
1.4263 -0.6333 1.3949
1.4165 -0.6261 1.3851
1.4065 -0.6192 1.3752
1.3964 -0.6126 1.3650
1.3861 -0.6064 1.3547
1.3756 -0.6006 1.3443
1.3650 -0.5951 1.3336
1.3542 -0.5900 1.3229
1.3433 -0.5854 1.3119
1.3323 -0.5811 1.3009
1.3211 -0.5773 1.2897
1.3098 -0.5739 1.2784
1.2984 -0.5709 1.2671
1.2869 -0.5683 1.2556
1.2754 -0.5663 1.2440
1.2637 -0.5646 1.2323
1.2520 -0.5634 1.2206
1.2402 -0.5627 1.2088
1.2284 -0.5625 1.1970
1.2165 -0.5627 1.1851
1.2046 -0.5635 1.1733
1.1927 -0.5647 1.1614
1.1808 -0.5664 1.1494
1.1689 -0.5686 1.1375
1.1570 -0.5712 1.1257
1.1452 -0.5744 1.1138
1.1333 -0.5781 1.1020
1.1216 -0.5822 1.0902
1.1099 -0.5869 1.0785
1.0982 -0.5921 1.0669
1.0867 -0.5977 1.0553
1.0753 -0.6038 1.0439
1.0639 -0.6105 1.0326
1.0527 -0.6176 1.0214
1.0416 -0.6251 1.0103
1.0307 -0.6332 0.9994
1.0199 -0.6417 0.9886
1.0093 -0.6507 0.9780
0.9989 -0.6602 0.9675
0.9887 -0.6701 0.9573
0.9786 -0.6804 0.9473
0.9688 -0.6912 0.9374
0.9592 -0.7024 0.9278
0.9498 -0.7140 0.9184
0.9407 -0.7260 0.9093
0.9318 -0.7384 0.9004
0.9231 -0.7512 0.8918
0.9148 -0.7644 0.8834
0.9067 -0.7779 0.8754
0.8989 -0.7918 0.8676
0.8914 -0.8060 0.8601
0.8842 -0.8205 0.8529
0.8773 -0.8354 0.8460
0.8708 -0.8505 0.8394
0.8645 -0.8659 0.8332
0.8586 -0.8815 0.8273
0.8530 -0.8974 0.8217
0.8478 -0.9136 0.8165
0.8429 -0.9299 0.8116
0.8384 -0.9465 0.8070
0.8342 -0.9632 0.8029
0.8304 -0.9801 0.7990
0.8269 -0.9972 0.7956
0.8238 -1.0144 0.7925
0.8211 -1.0316 0.7898
0.8188 -1.0490 0.7874
0.8168 -1.0665 0.7855
0.8152 -1.0840 0.7839
0.8140 -1.1016 0.7826
0.8131 -1.1192 0.7818
0.8126 -1.1368 0.7813
0.8125 -1.1545 0.7812
0.8128 -1.1720 0.7815
0.8134 -1.1896 0.7821
0.8144 -1.2071 0.7831
0.8158 -1.2245 0.7845
0.8175 -1.2418 0.7862
0.8196 -1.2590 0.7883
0.8221 -1.2761 0.7908
0.8249 -1.2930 0.7936
0.8280 -1.3098 0.7967
0.8315 -1.3265 0.8002
0.8354 -1.3429 0.8040
0.8395 -1.3591 0.8082
0.8440 -1.3751 0.8127
0.8488 -1.3909 0.8175
0.8539 -1.4065 0.8226
0.8593 -1.4218 0.8280
0.8651 -1.4368 0.8337
0.8711 -1.4516 0.8397
0.8774 -1.4660 0.8460
0.8839 -1.4802 0.8526
0.8908 -1.4940 0.8594
0.8978 -1.5076 0.8665
0.9052 -1.5207 0.8738
0.9127 -1.5336 0.8814
0.9206 -1.5461 0.8892
0.9286 -1.5582 0.8972
0.9368 -1.5700 0.9055
0.9452 -1.5814 0.9139
0.9539 -1.5924 0.9225
0.9627 -1.6031 0.9313
0.9717 -1.6133 0.9403
0.9808 -1.6232 0.9494
0.9901 -1.6327 0.9587
0.9995 -1.6417 0.9682
1.0091 -1.6504 0.9777
1.0188 -1.6586 0.9874
1.0286 -1.6665 0.9972
1.0385 -1.6739 1.0071
1.0484 -1.6809 1.0171
1.0585 -1.6875 1.0272
1.0686 -1.6937 1.0373
1.0789 -1.6995 1.0475
1.0891 -1.7048 1.0577
1.0994 -1.7098 1.0680
1.1097 -1.7144 1.0784
1.1201 -1.7185 1.0887
1.1304 -1.7223 1.0991
1.1408 -1.7256 1.1095
1.1512 -1.7286 1.1198
1.1615 -1.7312 1.1302
1.1719 -1.7334 1.1405
1.1822 -1.7352 1.1508
1.1925 -1.7366 1.1611
1.2027 -1.7377 1.1713
1.2129 -1.7384 1.1815
1.2230 -1.7388 1.1916
1.2330 -1.7388 1.2016
1.2430 -1.7385 1.2116
1.2529 -1.7378 1.2215
1.2627 -1.7368 1.2313
1.2724 -1.7355 1.2410
1.2820 -1.7339 1.2507
1.2915 -1.7320 1.2602
1.3009 -1.7298 1.2696
1.3102 -1.7273 1.2789
1.3194 -1.7246 1.2880
1.3285 -1.7216 1.2971
1.3374 -1.7183 1.3060
1.3462 -1.7148 1.3148
1.3548 -1.7110 1.3235
1.3633 -1.7070 1.3320
1.3717 -1.7028 1.3403
1.3799 -1.6984 1.3486
1.3880 -1.6938 1.3567
1.3960 -1.6890 1.3646
1.4037 -1.6840 1.3724
1.4114 -1.6789 1.3800
1.4188 -1.6736 1.3875
1.4261 -1.6681 1.3948
1.4333 -1.6625 1.4019
1.4403 -1.6568 1.4089
1.4471 -1.6509 1.4158
1.4538 -1.6450 1.4224
1.4603 -1.6389 1.4289
1.4667 -1.6328 1.4353
1.4729 -1.6265 1.4415
1.4789 -1.6202 1.4475
1.4848 -1.6138 1.4534
1.4905 -1.6074 1.4591
1.4960 -1.6009 1.4646
1.5014 -1.5944 1.4700
1.5067 -1.5878 1.4753
1.5117 -1.5813 1.4804
1.5167 -1.5747 1.4853
1.5214 -1.5681 1.4901
1.5261 -1.5615 1.4947
1.5305 -1.5549 1.4992
1.5349 -1.5483 1.5035
1.5390 -1.5418 1.5077
1.5431 -1.5353 1.5117
1.5470 -1.5288 1.5156
1.5507 -1.5224 1.5194
1.5544 -1.5160 1.5230
1.5579 -1.5097 1.5265
1.5612 -1.5034 1.5298
1.5645 -1.4973 1.5331
1.5676 -1.4912 1.5362
1.5705 -1.4851 1.5392
1.5734 -1.4792 1.5420
1.5761 -1.4734 1.5448
1.5788 -1.4677 1.5474
1.5813 -1.4620 1.5499
1.5837 -1.4565 1.5523
1.5860 -1.4511 1.5546
1.5882 -1.4458 1.5568
1.5903 -1.4407 1.5589
1.5923 -1.4356 1.5609
1.5942 -1.4307 1.5628
1.5960 -1.4260 1.5646
1.5977 -1.4214 1.5663
1.5993 -1.4169 1.5679
1.6008 -1.4126 1.5694
1.6023 -1.4084 1.5709
1.6036 -1.4044 1.5723
1.6049 -1.4006 1.5735
1.6061 -1.3969 1.5748
1.6073 -1.3934 1.5759
1.6083 -1.3900 1.5770
1.6093 -1.3868 1.5780
1.6103 -1.3838 1.5789
1.6111 -1.3810 1.5797
1.6119 -1.3784 1.5805
1.6126 -1.3759 1.5812
1.6133 -1.3736 1.5819
1.6139 -1.3715 1.5825
1.6144 -1.3697 1.5831
1.6149 -1.3679 1.5835
1.6153 -1.3664 1.5840
1.6157 -1.3651 1.5843
1.6160 -1.3640 1.5846
1.6163 -1.3631 1.5849
1.6165 -1.3624 1.5851
1.6166 -1.3619 1.5852
1.6167 -1.3615 1.5853
1.6167 -1.3614 1.5853
1.6167 -1.3614 1.5853
1.6167 -1.3614 1.5853
1.6167 -1.3614 1.5853
1.6167 -1.3614 1.5853
1.6167 -1.3614 1.5853
1.6167 -1.3614 1.5853
1.6167 -1.3614 1.5853
1.6167 -1.3614 1.5853
1.6167 -1.3614 1.5853
1.6167 -1.3614 1.5853
1.6167 -1.3614 1.5853
1.6167 -1.3614 1.5853
1.6167 -1.3614 1.5853
1.6167 -1.3614 1.5853
1.6167 -1.3614 1.5853
1.6167 -1.3614 1.5853
1.6167 -1.3614 1.5853
1.6167 -1.3614 1.5853
1.6167 -1.3614 1.5853
1.6167 -1.3614 1.5853
1.6167 -1.3614 1.5853
1.6167 -1.3614 1.5853
1.6167 -1.3614 1.5853
1.6167 -1.3614 1.5853
1.6167 -1.3614 1.5853
1.6167 -1.3614 1.5853
1.6167 -1.3614 1.5853
1.6167 -1.3614 1.5853
1.6167 -1.3614 1.5853
1.6167 -1.3614 1.5853
1.6128 -1.3672 1.5894
1.6095 -1.3701 1.5941
1.6063 -1.3741 1.5970
1.6037 -1.3758 1.6003
1.6003 -1.3785 1.6040
1.5964 -1.3825 1.6073
1.5923 -1.3849 1.6117
1.5870 -1.3881 1.6168
1.5811 -1.3927 1.6214
1.5740 -1.3978 1.6269
1.5662 -1.4040 1.6322
1.5579 -1.4092 1.6385
1.5480 -1.4169 1.6448
1.5372 -1.4237 1.6526
1.5247 -1.4331 1.6601
1.5145 -1.4411 1.6665
1.5036 -1.4496 1.6729
1.4920 -1.4586 1.6794
1.4799 -1.4681 1.6860
1.4669 -1.4785 1.6925
1.4534 -1.4891 1.6992
1.4395 -1.5001 1.7057
1.4249 -1.5119 1.7121
1.4101 -1.5237 1.7186
1.3951 -1.5356 1.7250
1.3797 -1.5482 1.7311
1.3641 -1.5606 1.7372
1.3485 -1.5729 1.7431
1.3326 -1.5860 1.7487
1.3167 -1.5990 1.7541
1.3010 -1.6116 1.7592
1.2851 -1.6250 1.7639
1.2692 -1.6379 1.7686
1.2536 -1.6504 1.7731
1.2383 -1.6624 1.7771
1.2229 -1.6751 1.7804
1.2079 -1.6869 1.7838
1.1898 -1.7021 1.7894
1.1708 -1.7176 1.7950
1.1518 -1.7340 1.7993
1.1330 -1.7506 1.8025
1.1156 -1.7654 1.8048
1.1001 -1.7784 1.8061
1.0866 -1.7897 1.8065
1.0750 -1.7991 1.8061
1.0652 -1.8069 1.8051
1.0565 -1.8136 1.8036
1.0485 -1.8193 1.8017
1.0415 -1.8237 1.7992
1.0356 -1.8266 1.7961
1.0294 -1.8267 1.7892
1.0294 -1.8267 1.7892
1.0293 -1.8267 1.7892
1.0290 -1.8267 1.7892
1.0284 -1.8267 1.7892
1.0276 -1.8267 1.7892
1.0267 -1.8267 1.7892
1.0255 -1.8267 1.7892
1.0240 -1.8267 1.7892
1.0224 -1.8267 1.7892
1.0206 -1.8267 1.7892
1.0185 -1.8267 1.7892
1.0163 -1.8267 1.7891
1.0138 -1.8267 1.7891
1.0112 -1.8267 1.7890
1.0083 -1.8267 1.7889
1.0052 -1.8267 1.7888
1.0019 -1.8267 1.7887
0.9985 -1.8267 1.7886
0.9948 -1.8267 1.7884
0.9909 -1.8267 1.7882
0.9869 -1.8267 1.7879
0.9826 -1.8267 1.7876
0.9782 -1.8267 1.7873
0.9736 -1.8267 1.7869
0.9688 -1.8267 1.7864
0.9638 -1.8267 1.7859
0.9586 -1.8267 1.7853
0.9532 -1.8267 1.7847
0.9477 -1.8267 1.7840
0.9420 -1.8267 1.7832
0.9361 -1.8267 1.7823
0.9301 -1.8267 1.7813
0.9239 -1.8267 1.7802
0.9175 -1.8267 1.7791
0.9110 -1.8267 1.7778
0.9043 -1.8267 1.7764
0.8974 -1.8267 1.7749
0.8904 -1.8267 1.7733
0.8833 -1.8267 1.7716
0.8760 -1.8267 1.7697
0.8686 -1.8267 1.7677
0.8610 -1.8267 1.7655
0.8534 -1.8267 1.7632
0.8456 -1.8267 1.7608
0.8376 -1.8267 1.7582
0.8296 -1.8267 1.7554
0.8215 -1.8267 1.7524
0.8132 -1.8267 1.7493
0.8049 -1.8267 1.7460
0.7964 -1.8267 1.7425
0.7879 -1.8267 1.7388
0.7793 -1.8267 1.7349
0.7706 -1.8267 1.7308
0.7619 -1.8267 1.7265
0.7531 -1.8267 1.7220
0.7443 -1.8267 1.7172
0.7354 -1.8267 1.7123
0.7264 -1.8267 1.7071
0.7175 -1.8267 1.7017
0.7085 -1.8267 1.6960
0.6995 -1.8267 1.6901
0.6905 -1.8267 1.6840
0.6815 -1.8267 1.6776
0.6725 -1.8267 1.6710
0.6636 -1.8267 1.6641
0.6547 -1.8267 1.6570
0.6458 -1.8267 1.6496
0.6369 -1.8267 1.6419
0.6281 -1.8267 1.6340
0.6194 -1.8267 1.6258
0.6108 -1.8267 1.6174
0.6022 -1.8267 1.6087
0.5938 -1.8267 1.5997
0.5855 -1.8267 1.5905
0.5772 -1.8267 1.5810
0.5692 -1.8267 1.5712
0.5612 -1.8267 1.5612
0.5534 -1.8267 1.5509
0.5458 -1.8267 1.5403
0.5383 -1.8267 1.5295
0.5310 -1.8267 1.5184
0.5239 -1.8267 1.5071
0.5171 -1.8267 1.4955
0.5104 -1.8267 1.4836
0.5040 -1.8267 1.4715
0.4978 -1.8267 1.4592
0.4918 -1.8267 1.4466
0.4861 -1.8267 1.4338
0.4807 -1.8267 1.4208
0.4755 -1.8267 1.4076
0.4707 -1.8267 1.3941
0.4661 -1.8267 1.3805
0.4618 -1.8267 1.3666
0.4579 -1.8267 1.3525
0.4543 -1.8267 1.3383
0.4510 -1.8267 1.3239
0.4481 -1.8267 1.3093
0.4456 -1.8267 1.2946
0.4434 -1.8267 1.2797
0.4415 -1.8267 1.2647
0.4401 -1.8267 1.2495
0.4390 -1.8267 1.2342
0.4383 -1.8267 1.2189
0.4381 -1.8267 1.2034
0.4382 -1.8267 1.1879
0.4388 -1.8267 1.1723
0.4398 -1.8267 1.1566
0.4412 -1.8267 1.1409
0.4430 -1.8267 1.1252
0.4453 -1.8267 1.1094
0.4480 -1.8267 1.0937
0.4511 -1.8267 1.0779
0.4547 -1.8267 1.0622
0.4587 -1.8267 1.0465
0.4632 -1.8267 1.0309
0.4682 -1.8267 1.0153
0.4736 -1.8267 0.9999
0.4794 -1.8267 0.9845
0.4857 -1.8267 0.9692
0.4924 -1.8267 0.9541
0.4996 -1.8267 0.9391
0.5073 -1.8267 0.9243
0.5153 -1.8267 0.9097
0.5239 -1.8267 0.8952
0.5328 -1.8267 0.8810
0.5422 -1.8267 0.8669
0.5520 -1.8267 0.8531
0.5623 -1.8267 0.8396
0.5729 -1.8267 0.8263
0.5840 -1.8267 0.8133
0.5954 -1.8267 0.8006
0.6073 -1.8267 0.7882
0.6195 -1.8267 0.7762
0.6322 -1.8267 0.7644
0.6452 -1.8267 0.7531
0.6585 -1.8267 0.7420
0.6722 -1.8267 0.7314
0.6862 -1.8267 0.7211
0.7006 -1.8267 0.7113
0.7152 -1.8267 0.7019
0.7302 -1.8267 0.6928
0.7454 -1.8267 0.6843
0.7609 -1.8267 0.6761
0.7767 -1.8267 0.6685
0.7927 -1.8267 0.6612
0.8090 -1.8267 0.6545
0.8254 -1.8267 0.6482
0.8421 -1.8267 0.6425
0.8589 -1.8267 0.6372
0.8759 -1.8267 0.6324
0.8931 -1.8267 0.6282
0.9104 -1.8267 0.6244
0.9278 -1.8267 0.6212
0.9453 -1.8267 0.6185
0.9629 -1.8267 0.6163
0.9806 -1.8267 0.6147
0.9983 -1.8267 0.6136
1.0160 -1.8267 0.6130
1.0337 -1.8267 0.6129
1.0515 -1.8267 0.6134
1.0692 -1.8267 0.6145
1.0869 -1.8267 0.6160
1.1045 -1.8267 0.6181
1.1221 -1.8267 0.6208
1.1396 -1.8267 0.6239
1.1569 -1.8267 0.6276
1.1741 -1.8267 0.6318
1.1912 -1.8267 0.6365
1.2082 -1.8267 0.6417
1.2249 -1.8267 0.6475
1.2415 -1.8267 0.6537
1.2578 -1.8267 0.6604
1.2739 -1.8267 0.6676
1.2898 -1.8267 0.6753
1.3055 -1.8267 0.6834
1.3208 -1.8267 0.6920
1.3359 -1.8267 0.7010
1.3507 -1.8267 0.7105
1.3652 -1.8267 0.7204
1.3794 -1.8267 0.7307
1.3932 -1.8267 0.7414
1.4067 -1.8267 0.7525
1.4198 -1.8267 0.7640
1.4326 -1.8267 0.7758
1.4450 -1.8267 0.7880
1.4570 -1.8267 0.8006
1.4685 -1.8267 0.8134
1.4797 -1.8267 0.8265
1.4905 -1.8267 0.8400
1.5009 -1.8267 0.8537
1.5108 -1.8267 0.8677
1.5203 -1.8267 0.8819
1.5293 -1.8267 0.8964
1.5379 -1.8267 0.9111
1.5461 -1.8267 0.9260
1.5538 -1.8267 0.9411
1.5610 -1.8267 0.9563
1.5678 -1.8267 0.9717
1.5741 -1.8267 0.9873
1.5800 -1.8267 1.0029
1.5854 -1.8267 1.0187
1.5903 -1.8267 1.0346
1.5948 -1.8267 1.0505
1.5988 -1.8267 1.0665
1.6023 -1.8267 1.0826
1.6054 -1.8267 1.0987
1.6080 -1.8267 1.1148
1.6102 -1.8267 1.1309
1.6119 -1.8267 1.1470
1.6132 -1.8267 1.1631
1.6140 -1.8267 1.1791
1.6144 -1.8267 1.1951
1.6143 -1.8267 1.2110
1.6138 -1.8267 1.2268
1.6129 -1.8267 1.2426
1.6116 -1.8267 1.2582
1.6099 -1.8267 1.2737
1.6078 -1.8267 1.2891
1.6052 -1.8267 1.3044
1.6023 -1.8267 1.3195
1.5991 -1.8267 1.3344
1.5954 -1.8267 1.3492
1.5914 -1.8267 1.3638
1.5871 -1.8267 1.3782
1.5824 -1.8267 1.3924
1.5774 -1.8267 1.4064
1.5720 -1.8267 1.4202
1.5664 -1.8267 1.4338
1.5605 -1.8267 1.4471
1.5542 -1.8267 1.4602
1.5477 -1.8267 1.4731
1.5409 -1.8267 1.4857
1.5339 -1.8267 1.4980
1.5267 -1.8267 1.5101
1.5192 -1.8267 1.5219
1.5114 -1.8267 1.5335
1.5035 -1.8267 1.5448
1.4954 -1.8267 1.5558
1.4870 -1.8267 1.5666
1.4785 -1.8267 1.5770
1.4699 -1.8267 1.5872
1.4611 -1.8267 1.5971
1.4521 -1.8267 1.6067
1.4430 -1.8267 1.6161
1.4338 -1.8267 1.6251
1.4245 -1.8267 1.6339
1.4150 -1.8267 1.6424
1.4055 -1.8267 1.6506
1.3959 -1.8267 1.6585
1.3863 -1.8267 1.6662
1.3765 -1.8267 1.6735
1.3668 -1.8267 1.6806
1.3569 -1.8267 1.6874
1.3471 -1.8267 1.6940
1.3372 -1.8267 1.7003
1.3274 -1.8267 1.7063
1.3175 -1.8267 1.7120
1.3076 -1.8267 1.7175
1.2978 -1.8267 1.7228
1.2880 -1.8267 1.7278
1.2782 -1.8267 1.7325
1.2684 -1.8267 1.7371
1.2587 -1.8267 1.7413
1.2490 -1.8267 1.7454
1.2394 -1.8267 1.7492
1.2299 -1.8267 1.7528
1.2205 -1.8267 1.7562
1.2111 -1.8267 1.7594
1.2019 -1.8267 1.7624
1.1927 -1.8267 1.7652
1.1836 -1.8267 1.7678
1.1746 -1.8267 1.7702
1.1658 -1.8267 1.7724
1.1570 -1.8267 1.7745
1.1484 -1.8267 1.7764
1.1399 -1.8267 1.7781
1.1316 -1.8267 1.7797
1.1234 -1.8267 1.7811
1.1153 -1.8267 1.7824
1.1074 -1.8267 1.7836
1.0996 -1.8267 1.7846
1.0919 -1.8267 1.7855
1.0845 -1.8267 1.7863
1.0772 -1.8267 1.7870
1.0700 -1.8267 1.7876
1.0630 -1.8267 1.7881
1.0562 -1.8267 1.7885
1.0495 -1.8267 1.7888
1.0431 -1.8267 1.7890
1.0368 -1.8267 1.7891
1.0306 -1.8267 1.7892
1.0247 -1.8267 1.7892
1.0189 -1.8267 1.7892
1.0189 -1.8267 1.7892
1.0110 -1.8243 1.7898
1.0014 -1.8205 1.7906
0.9954 -1.8166 1.7950
0.9858 -1.8104 1.7971
0.9782 -1.8036 1.8016
0.9675 -1.7947 1.8039
0.9584 -1.7850 1.8081
0.9465 -1.7735 1.8099
0.9358 -1.7609 1.8131
0.9226 -1.7471 1.8136
0.9101 -1.7323 1.8151
0.8951 -1.7186 1.8159
0.8786 -1.7049 1.8155
0.8627 -1.6900 1.8152
0.8451 -1.6763 1.8138
0.8303 -1.6647 1.8133
0.8151 -1.6528 1.8122
0.7995 -1.6407 1.8103
0.7837 -1.6284 1.8077
0.7677 -1.6160 1.8045
0.7511 -1.6035 1.8003
0.7345 -1.5910 1.7956
0.7181 -1.5787 1.7904
0.7019 -1.5666 1.7847
0.6852 -1.5545 1.7779
0.6689 -1.5427 1.7709
0.6529 -1.5312 1.7635
0.6375 -1.5202 1.7558
0.6216 -1.5093 1.7471
0.6062 -1.4988 1.7381
0.5915 -1.4888 1.7291
0.5774 -1.4795 1.7199
0.5630 -1.4705 1.7097
0.5493 -1.4621 1.6996
0.5363 -1.4542 1.6896
0.5242 -1.4470 1.6797
0.5120 -1.4405 1.6687
0.5007 -1.4343 1.6583
0.4904 -1.4287 1.6483
0.4807 -1.4227 1.6374
0.4719 -1.4174 1.6271
0.4641 -1.4128 1.6174
0.4560 -1.4092 1.6069
0.4489 -1.4059 1.5972
0.4428 -1.4028 1.5882
0.4375 -1.3996 1.5784
0.4328 -1.3968 1.5695
0.4288 -1.3944 1.5613
0.4253 -1.3923 1.5538
0.4225 -1.3905 1.5470
0.4202 -1.3890 1.5408
0.4183 -1.3876 1.5351
0.4168 -1.3864 1.5300
0.4156 -1.3854 1.5254
0.4147 -1.3845 1.5213
0.4140 -1.3838 1.5176
0.4135 -1.3831 1.5143
0.4131 -1.3826 1.5114
0.4129 -1.3821 1.5089
0.4128 -1.3817 1.5068
0.4128 -1.3814 1.5050
0.4129 -1.3812 1.5035
0.4130 -1.3810 1.5023
0.4132 -1.3809 1.5014
0.4133 -1.3807 1.5007
0.4135 -1.3807 1.5003
0.4136 -1.3806 1.5001
0.4136 -1.3806 1.5001
0.4136 -1.3806 1.5001
0.4136 -1.3806 1.5001
0.4136 -1.3806 1.5001
0.4136 -1.3806 1.5001
0.4136 -1.3806 1.5001
0.4136 -1.3806 1.5001
0.4136 -1.3806 1.5001
0.4136 -1.3806 1.5001
0.4136 -1.3806 1.5001
0.4136 -1.3806 1.5001
0.4136 -1.3806 1.5001
0.4136 -1.3806 1.5001
0.4136 -1.3806 1.5005
0.4136 -1.3806 1.5013
0.4136 -1.3806 1.5023
0.4136 -1.3806 1.5036
0.4137 -1.3806 1.5052
0.4137 -1.3806 1.5071
0.4137 -1.3806 1.5093
0.4138 -1.3806 1.5118
0.4138 -1.3806 1.5145
0.4139 -1.3806 1.5175
0.4141 -1.3806 1.5208
0.4142 -1.3806 1.5243
0.4144 -1.3806 1.5282
0.4147 -1.3806 1.5322
0.4150 -1.3806 1.5366
0.4153 -1.3806 1.5412
0.4158 -1.3806 1.5460
0.4163 -1.3806 1.5511
0.4168 -1.3806 1.5565
0.4175 -1.3806 1.5621
0.4183 -1.3806 1.5679
0.4191 -1.3806 1.5740
0.4201 -1.3806 1.5803
0.4212 -1.3806 1.5868
0.4225 -1.3806 1.5935
0.4238 -1.3806 1.6005
0.4254 -1.3806 1.6077
0.4271 -1.3806 1.6150
0.4289 -1.3806 1.6226
0.4309 -1.3806 1.6304
0.4332 -1.3806 1.6383
0.4356 -1.3806 1.6464
0.4382 -1.3806 1.6547
0.4410 -1.3806 1.6631
0.4441 -1.3806 1.6717
0.4474 -1.3806 1.6805
0.4509 -1.3806 1.6893
0.4547 -1.3806 1.6983
0.4587 -1.3806 1.7074
0.4630 -1.3806 1.7166
0.4676 -1.3806 1.7259
0.4725 -1.3806 1.7353
0.4776 -1.3806 1.7447
0.4831 -1.3806 1.7542
0.4889 -1.3806 1.7637
0.4950 -1.3806 1.7733
0.5014 -1.3806 1.7829
0.5081 -1.3806 1.7924
0.5152 -1.3806 1.8020
0.5226 -1.3806 1.8115
0.5303 -1.3806 1.8210
0.5384 -1.3806 1.8304
0.5469 -1.3806 1.8398
0.5557 -1.3806 1.8490
0.5648 -1.3806 1.8582
0.5743 -1.3806 1.8672
0.5842 -1.3806 1.8761
0.5944 -1.3806 1.8848
0.6050 -1.3806 1.8933
0.6159 -1.3806 1.9016
0.6272 -1.3806 1.9097
0.6388 -1.3806 1.9176
0.6508 -1.3806 1.9253
0.6631 -1.3806 1.9326
0.6757 -1.3806 1.9397
0.6887 -1.3806 1.9465
0.7019 -1.3806 1.9529
0.7155 -1.3806 1.9590
0.7294 -1.3806 1.9648
0.7436 -1.3806 1.9702
0.7581 -1.3806 1.9751
0.7728 -1.3806 1.9797
0.7878 -1.3806 1.9839
0.8030 -1.3806 1.9876
0.8185 -1.3806 1.9908
0.8341 -1.3806 1.9936
0.8500 -1.3806 1.9959
0.8660 -1.3806 1.9977
0.8822 -1.3806 1.9990
0.8986 -1.3806 1.9997
0.9150 -1.3806 1.9999
0.9316 -1.3806 1.9996
0.9483 -1.3806 1.9987
0.9650 -1.3806 1.9973
0.9817 -1.3806 1.9953
0.9985 -1.3806 1.9927
1.0152 -1.3806 1.9895
1.0320 -1.3806 1.9857
1.0486 -1.3806 1.9814
1.0652 -1.3806 1.9764
1.0817 -1.3806 1.9709
1.0980 -1.3806 1.9647
1.1142 -1.3806 1.9579
1.1303 -1.3806 1.9506
1.1461 -1.3806 1.9426
1.1617 -1.3806 1.9341
1.1770 -1.3806 1.9250
1.1920 -1.3806 1.9153
1.2068 -1.3806 1.9050
1.2212 -1.3806 1.8942
1.2352 -1.3806 1.8828
1.2489 -1.3806 1.8709
1.2622 -1.3806 1.8584
1.2750 -1.3806 1.8455
1.2874 -1.3806 1.8320
1.2994 -1.3806 1.8181
1.3108 -1.3806 1.8037
1.3217 -1.3806 1.7888
1.3321 -1.3806 1.7736
1.3420 -1.3806 1.7579
1.3512 -1.3806 1.7418
1.3599 -1.3806 1.7254
1.3680 -1.3806 1.7087
1.3754 -1.3806 1.6916
1.3823 -1.3806 1.6742
1.3885 -1.3806 1.6566
1.3940 -1.3806 1.6387
1.3988 -1.3806 1.6207
1.4030 -1.3806 1.6024
1.4065 -1.3806 1.5840
1.4093 -1.3806 1.5655
1.4114 -1.3806 1.5468
1.4128 -1.3806 1.5281
1.4135 -1.3806 1.5093
1.4135 -1.3806 1.4906
1.4128 -1.3806 1.4718
1.4114 -1.3806 1.4531
1.4093 -1.3806 1.4344
1.4065 -1.3806 1.4159
1.4030 -1.3806 1.3975
1.3988 -1.3806 1.3792
1.3940 -1.3806 1.3612
1.3885 -1.3806 1.3433
1.3823 -1.3806 1.3257
1.3754 -1.3806 1.3083
1.3680 -1.3806 1.2912
1.3599 -1.3806 1.2745
1.3512 -1.3806 1.2581
1.3420 -1.3806 1.2420
1.3321 -1.3806 1.2263
1.3217 -1.3806 1.2111
1.3108 -1.3806 1.1962
1.2994 -1.3806 1.1818
1.2874 -1.3806 1.1679
1.2750 -1.3806 1.1544
1.2622 -1.3806 1.1415
1.2489 -1.3806 1.1290
1.2352 -1.3806 1.1171
1.2212 -1.3806 1.1057
1.2068 -1.3806 1.0949
1.1920 -1.3806 1.0846
1.1770 -1.3806 1.0749
1.1617 -1.3806 1.0658
1.1461 -1.3806 1.0573
1.1303 -1.3806 1.0493
1.1142 -1.3806 1.0420
1.0980 -1.3806 1.0352
1.0817 -1.3806 1.0290
1.0652 -1.3806 1.0235
1.0486 -1.3806 1.0185
1.0320 -1.3806 1.0142
1.0152 -1.3806 1.0104
0.9985 -1.3806 1.0072
0.9817 -1.3806 1.0046
0.9650 -1.3806 1.0026
0.9483 -1.3806 1.0012
0.9316 -1.3806 1.0003
0.9150 -1.3806 1.0000
0.8986 -1.3806 1.0002
0.8822 -1.3806 1.0009
0.8660 -1.3806 1.0022
0.8500 -1.3806 1.0040
0.8341 -1.3806 1.0063
0.8185 -1.3806 1.0091
0.8030 -1.3806 1.0123
0.7878 -1.3806 1.0160
0.7728 -1.3806 1.0202
0.7581 -1.3806 1.0248
0.7436 -1.3806 1.0297
0.7294 -1.3806 1.0351
0.7155 -1.3806 1.0409
0.7019 -1.3806 1.0470
0.6887 -1.3806 1.0534
0.6757 -1.3806 1.0602
0.6631 -1.3806 1.0673
0.6508 -1.3806 1.0746
0.6388 -1.3806 1.0823
0.6272 -1.3806 1.0902
0.6159 -1.3806 1.0983
0.6050 -1.3806 1.1066
0.5944 -1.3806 1.1151
0.5842 -1.3806 1.1238
0.5743 -1.3806 1.1327
0.5648 -1.3806 1.1417
0.5557 -1.3806 1.1509
0.5469 -1.3806 1.1601
0.5384 -1.3806 1.1695
0.5303 -1.3806 1.1789
0.5226 -1.3806 1.1884
0.5152 -1.3806 1.1979
0.5081 -1.3806 1.2075
0.5014 -1.3806 1.2170
0.4950 -1.3806 1.2266
0.4889 -1.3806 1.2362
0.4831 -1.3806 1.2457
0.4776 -1.3806 1.2552
0.4725 -1.3806 1.2646
0.4676 -1.3806 1.2740
0.4630 -1.3806 1.2833
0.4587 -1.3806 1.2925
0.4547 -1.3806 1.3016
0.4509 -1.3806 1.3106
0.4474 -1.3806 1.3194
0.4441 -1.3806 1.3282
0.4410 -1.3806 1.3368
0.4382 -1.3806 1.3452
0.4356 -1.3806 1.3535
0.4332 -1.3806 1.3616
0.4309 -1.3806 1.3695
0.4289 -1.3806 1.3773
0.4271 -1.3806 1.3849
0.4254 -1.3806 1.3922
0.4238 -1.3806 1.3994
0.4225 -1.3806 1.4064
0.4212 -1.3806 1.4131
0.4201 -1.3806 1.4196
0.4191 -1.3806 1.4259
0.4183 -1.3806 1.4320
0.4175 -1.3806 1.4378
0.4168 -1.3806 1.4434
0.4163 -1.3806 1.4488
0.4158 -1.3806 1.4539
0.4153 -1.3806 1.4587
0.4150 -1.3806 1.4633
0.4147 -1.3806 1.4677
0.4144 -1.3806 1.4717
0.4142 -1.3806 1.4756
0.4141 -1.3806 1.4791
0.4139 -1.3806 1.4824
0.4138 -1.3806 1.4854
0.4138 -1.3806 1.4881
0.4137 -1.3806 1.4906
0.4137 -1.3806 1.4928
0.4137 -1.3806 1.4947
0.4136 -1.3806 1.4963
0.4136 -1.3806 1.4976
0.4136 -1.3806 1.4986
0.4136 -1.3806 1.4994
0.4136 -1.3806 1.4998
0.4136 -1.3806 1.5000
0.4136 -1.3806 1.5000
0.4136 -1.3806 1.5000
0.4211 -1.3778 1.5000
0.4287 -1.3748 1.5000
0.4372 -1.3715 1.5000
0.4468 -1.3677 1.5000
0.4577 -1.3635 1.5000
0.4697 -1.3589 1.5000
0.4828 -1.3538 1.5000
0.4969 -1.3483 1.5000
0.5113 -1.3427 1.5000
0.5256 -1.3372 1.5000
0.5394 -1.3318 1.5000
0.5525 -1.3267 1.5000
0.5650 -1.3219 1.5000
0.5767 -1.3173 1.5000
0.5878 -1.3130 1.5000
0.5986 -1.3088 1.5000
0.6092 -1.3047 1.5000
0.6196 -1.3007 1.5000
0.6297 -1.2967 1.5000
0.6422 -1.2919 1.5000
0.6550 -1.2869 1.5000
0.6680 -1.2819 1.5000
0.6808 -1.2769 1.5000
0.6931 -1.2721 1.5000
0.7044 -1.2677 1.5000
0.7145 -1.2638 1.5000
0.7234 -1.2603 1.5000
0.7312 -1.2573 1.5000
0.7378 -1.2548 1.5000
0.7434 -1.2526 1.5000
0.7479 -1.2509 1.5000
0.7500 -1.2500 1.5000
